{"producer":{"name":"Blender","version":"2.79 (sub 0)","exporter_version":"5.6.3","file":"Fish22.babylon"},
"autoClear":true,"clearColor":[0.0509,0.0509,0.0509],"ambientColor":[0,0,0],"gravity":[0,-9.81,0],
"materials":[{"name":"Fish22.ca_bang_texture_low","id":"Fish22.ca_bang_texture_low","ambient":[1,1,1],"diffuse":[0.8,0.8,0.8],"specular":[0.5,0.5,0.5],"emissive":[0,0,0],"specularPower":49,"alpha":1,"backFaceCulling":true,"checkReadyOnlyOnce":false,"maxSimultaneousLights":4, 
"diffuseTexture":{"name":"","level":1,"hasAlpha":1,"coordinatesMode":0,"uOffset":0,"vOffset":0,"uScale":1,"vScale":1,"uAng":0,"vAng":0,"wAng":0,"wrapU":1,"wrapV":1,"coordinatesIndex":0}}],
"multiMaterials":[],
"skeletons":[{"name":"xuong:ca_bang","id":0,"dimensionsAtRest":[278.5946,231.6704,155.6526],"bones":[
{"name":"be_root01","index":0,"matrix":[1,0,0,0,0,1,0,0,0,0,-1,0,0.0831,-10.5341,0,1],"rest":[1,0,0,0,0,1,0,0,0,0,-1,0,0.0831,-10.5341,0,1],"parentBoneIndex":-1,"length":0.01
,"animation":{"dataType":3,"framePerSecond":24,"keys":[
{"frame":1,"values":[1,0,0,0,0,1,0,0,0,0,-1,0,0.0831,-10.5341,0,1]},
{"frame":52,"values":[1,0,0,0,0,1,0,0,0,0,-1,0,0.0831,-10.5341,0,1]},
{"frame":60,"values":[1,0,0,0,0,1,0,0,0,0,-1,0,0.0831,-10.5341,0,1]},
{"frame":112,"values":[1,0,0,0,0,1,0,0,0,0,-1,0,0.0831,-10.5341,0,1]}],"loopBehavior":1,"name":"anim","property":"_matrix"}},
{"name":"bn_tail01","index":1,"matrix":[-1,0,0,0,0,1,0,0,0,0,-1,0,0,0,0,1],"rest":[-1,0,0.0001,0,0,1,0,0,-0.0001,0,-1,0,0,0,0,1],"parentBoneIndex":0,"length":55.5378
,"animation":{"dataType":3,"framePerSecond":24,"keys":[
{"frame":1,"values":[-1,0,0,0,0,1,0,0,0,0,-1,0,0,0,0,1]},
{"frame":2,"values":[-1,0,-0.0093,0,0,1,0,0,0.0093,0,-1,0,0,0,0,1]},
{"frame":3,"values":[-0.9998,0,-0.0199,0,0,1,0,0,0.0199,0,-0.9998,0,0,0,0,1]},
{"frame":4,"values":[-0.9995,0,-0.0306,0,0,1,0,0,0.0306,0,-0.9995,0,0,0,0,1]},
{"frame":5,"values":[-0.9992,0,-0.0404,0,0,1,0,0,0.0404,0,-0.9992,0,0,0,0,1]},
{"frame":6,"values":[-0.9989,0,-0.0477,0,0,1,0,0,0.0477,0,-0.9989,0,0,0,0,1]},
{"frame":7,"values":[-0.9987,0,-0.0516,0,0,1,0,0,0.0516,0,-0.9987,0,0,0,0,1]},
{"frame":8,"values":[-0.9987,0,-0.0512,0,0,1,0,0,0.0512,0,-0.9987,0,0,0,0,1]},
{"frame":9,"values":[-0.9989,0,-0.0466,0,0,1,0,0,0.0466,0,-0.9989,0,0,0,0,1]},
{"frame":10,"values":[-0.9993,0,-0.0385,0,0,1,0,0,0.0385,0,-0.9993,0,0,0,0,1]},
{"frame":11,"values":[-0.9996,0,-0.0285,0,0,1,0,0,0.0285,0,-0.9996,0,0,0,0,1]},
{"frame":12,"values":[-0.9998,0,-0.0177,0,0,1,0,0,0.0177,0,-0.9998,0,0,0,0,1]},
{"frame":13,"values":[-1,0,-0.0073,0,0,1,0,0,0.0073,0,-1,0,0,0,0,1]},
{"frame":14,"values":[-1,0,0.0018,0,0,1,0,0,-0.0018,0,-1,0,0,0,0,1]},
{"frame":15,"values":[-0.9999,0,0.0114,0,0,1,0,0,-0.0114,0,-0.9999,0,0,0,0,1]},
{"frame":16,"values":[-0.9998,0,0.0221,0,0,1,0,0,-0.0221,0,-0.9998,0,0,0,0,1]},
{"frame":17,"values":[-0.9995,0,0.0327,0,0,1,0,0,-0.0327,0,-0.9995,0,0,0,0,1]},
{"frame":18,"values":[-0.9991,0,0.0419,0,0,1,0,0,-0.0419,0,-0.9991,0,0,0,0,1]},
{"frame":19,"values":[-0.9988,0,0.0487,0,0,1,0,0,-0.0487,0,-0.9988,0,0,0,0,1]},
{"frame":20,"values":[-0.9986,0,0.052,0,0,1,0,0,-0.052,0,-0.9986,0,0,0,0,1]},
{"frame":21,"values":[-0.9987,0,0.0508,0,0,1,0,0,-0.0508,0,-0.9987,0,0,0,0,1]},
{"frame":22,"values":[-0.999,0,0.0451,0,0,1,0,0,-0.0451,0,-0.999,0,0,0,0,1]},
{"frame":23,"values":[-0.9993,0,0.0366,0,0,1,0,0,-0.0366,0,-0.9993,0,0,0,0,1]},
{"frame":24,"values":[-0.9997,0,0.0264,0,0,1,0,0,-0.0264,0,-0.9997,0,0,0,0,1]},
{"frame":25,"values":[-0.9999,0,0.0155,0,0,1,0,0,-0.0155,0,-0.9999,0,0,0,0,1]},
{"frame":26,"values":[-1,0,0.0054,0,0,1,0,0,-0.0054,0,-1,0,0,0,0,1]},
{"frame":27,"values":[-1,0,-0.0036,0,0,1,0,0,0.0036,0,-1,0,0,0,0,1]},
{"frame":28,"values":[-0.9999,0,-0.0135,0,0,1,0,0,0.0135,0,-0.9999,0,0,0,0,1]},
{"frame":29,"values":[-0.9997,0,-0.0242,0,0,1,0,0,0.0242,0,-0.9997,0,0,0,0,1]},
{"frame":30,"values":[-0.9994,0,-0.0346,0,0,1,0,0,0.0346,0,-0.9994,0,0,0,0,1]},
{"frame":31,"values":[-0.9991,0,-0.0435,0,0,1,0,0,0.0435,0,-0.9991,0,0,0,0,1]},
{"frame":32,"values":[-0.9988,0,-0.0498,0,0,1,0,0,0.0498,0,-0.9988,0,0,0,0,1]},
{"frame":33,"values":[-0.9986,0,-0.0523,0,0,1,0,0,0.0523,0,-0.9986,0,0,0,0,1]},
{"frame":34,"values":[-0.9988,0,-0.0498,0,0,1,0,0,0.0498,0,-0.9988,0,0,0,0,1]},
{"frame":35,"values":[-0.9991,0,-0.0435,0,0,1,0,0,0.0435,0,-0.9991,0,0,0,0,1]},
{"frame":36,"values":[-0.9994,0,-0.0346,0,0,1,0,0,0.0346,0,-0.9994,0,0,0,0,1]},
{"frame":37,"values":[-0.9997,0,-0.0242,0,0,1,0,0,0.0242,0,-0.9997,0,0,0,0,1]},
{"frame":38,"values":[-0.9999,0,-0.0135,0,0,1,0,0,0.0135,0,-0.9999,0,0,0,0,1]},
{"frame":39,"values":[-1,0,-0.0036,0,0,1,0,0,0.0036,0,-1,0,0,0,0,1]},
{"frame":40,"values":[-1,0,0.0054,0,0,1,0,0,-0.0054,0,-1,0,0,0,0,1]},
{"frame":41,"values":[-0.9999,0,0.0155,0,0,1,0,0,-0.0155,0,-0.9999,0,0,0,0,1]},
{"frame":42,"values":[-0.9997,0,0.0264,0,0,1,0,0,-0.0264,0,-0.9997,0,0,0,0,1]},
{"frame":43,"values":[-0.9993,0,0.0366,0,0,1,0,0,-0.0366,0,-0.9993,0,0,0,0,1]},
{"frame":44,"values":[-0.999,0,0.0451,0,0,1,0,0,-0.0451,0,-0.999,0,0,0,0,1]},
{"frame":45,"values":[-0.9987,0,0.0508,0,0,1,0,0,-0.0508,0,-0.9987,0,0,0,0,1]},
{"frame":46,"values":[-0.9986,0,0.052,0,0,1,0,0,-0.052,0,-0.9986,0,0,0,0,1]},
{"frame":47,"values":[-0.9988,0,0.0487,0,0,1,0,0,-0.0487,0,-0.9988,0,0,0,0,1]},
{"frame":48,"values":[-0.9991,0,0.0419,0,0,1,0,0,-0.0419,0,-0.9991,0,0,0,0,1]},
{"frame":49,"values":[-0.9995,0,0.0327,0,0,1,0,0,-0.0327,0,-0.9995,0,0,0,0,1]},
{"frame":50,"values":[-0.9998,0,0.0221,0,0,1,0,0,-0.0221,0,-0.9998,0,0,0,0,1]},
{"frame":51,"values":[-0.9999,0,0.0114,0,0,1,0,0,-0.0114,0,-0.9999,0,0,0,0,1]},
{"frame":52,"values":[-1,0,0.0018,0,0,1,0,0,-0.0018,0,-1,0,0,0,0,1]},
{"frame":60,"values":[-1,0,0,0,0,1,0,0,0,0,-1,0,0,0,0,1]},
{"frame":62,"values":[-1,0,-0.0093,0,0,1,0,0,0.0093,0,-1,0,0,0,0,1]},
{"frame":63,"values":[-0.9998,0,-0.0199,0,0,1,0,0,0.0199,0,-0.9998,0,0,0,0,1]},
{"frame":64,"values":[-0.9995,0,-0.0306,0,0,1,0,0,0.0306,0,-0.9995,0,0,0,0,1]},
{"frame":65,"values":[-0.9992,0,-0.0404,0,0,1,0,0,0.0404,0,-0.9992,0,0,0,0,1]},
{"frame":66,"values":[-0.9989,0,-0.0477,0,0,1,0,0,0.0477,0,-0.9989,0,0,0,0,1]},
{"frame":67,"values":[-0.9987,0,-0.0516,0,0,1,0,0,0.0516,0,-0.9987,0,0,0,0,1]},
{"frame":68,"values":[-0.9987,0,-0.0512,0,0,1,0,0,0.0512,0,-0.9987,0,0,0,0,1]},
{"frame":69,"values":[-0.9989,0,-0.0466,0,0,1,0,0,0.0466,0,-0.9989,0,0,0,0,1]},
{"frame":70,"values":[-0.9993,0,-0.0385,0,0,1,0,0,0.0385,0,-0.9993,0,0,0,0,1]},
{"frame":71,"values":[-0.9996,0,-0.0285,0,0,1,0,0,0.0285,0,-0.9996,0,0,0,0,1]},
{"frame":72,"values":[-0.9998,0,-0.0177,0,0,1,0,0,0.0177,0,-0.9998,0,0,0,0,1]},
{"frame":73,"values":[-1,0,-0.0073,0,0,1,0,0,0.0073,0,-1,0,0,0,0,1]},
{"frame":74,"values":[-1,0,0.0018,0,0,1,0,0,-0.0018,0,-1,0,0,0,0,1]},
{"frame":75,"values":[-0.9999,0,0.0114,0,0,1,0,0,-0.0114,0,-0.9999,0,0,0,0,1]},
{"frame":76,"values":[-0.9998,0,0.0221,0,0,1,0,0,-0.0221,0,-0.9998,0,0,0,0,1]},
{"frame":77,"values":[-0.9995,0,0.0327,0,0,1,0,0,-0.0327,0,-0.9995,0,0,0,0,1]},
{"frame":78,"values":[-0.9991,0,0.0419,0,0,1,0,0,-0.0419,0,-0.9991,0,0,0,0,1]},
{"frame":79,"values":[-0.9988,0,0.0487,0,0,1,0,0,-0.0487,0,-0.9988,0,0,0,0,1]},
{"frame":80,"values":[-0.9986,0,0.052,0,0,1,0,0,-0.052,0,-0.9986,0,0,0,0,1]},
{"frame":81,"values":[-0.9987,0,0.0508,0,0,1,0,0,-0.0508,0,-0.9987,0,0,0,0,1]},
{"frame":82,"values":[-0.999,0,0.0451,0,0,1,0,0,-0.0451,0,-0.999,0,0,0,0,1]},
{"frame":83,"values":[-0.9993,0,0.0366,0,0,1,0,0,-0.0366,0,-0.9993,0,0,0,0,1]},
{"frame":84,"values":[-0.9997,0,0.0264,0,0,1,0,0,-0.0264,0,-0.9997,0,0,0,0,1]},
{"frame":85,"values":[-0.9999,0,0.0155,0,0,1,0,0,-0.0155,0,-0.9999,0,0,0,0,1]},
{"frame":86,"values":[-1,0,0.0054,0,0,1,0,0,-0.0054,0,-1,0,0,0,0,1]},
{"frame":87,"values":[-1,0,-0.0036,0,0,1,0,0,0.0036,0,-1,0,0,0,0,1]},
{"frame":88,"values":[-0.9999,0,-0.0135,0,0,1,0,0,0.0135,0,-0.9999,0,0,0,0,1]},
{"frame":89,"values":[-0.9997,0,-0.0242,0,0,1,0,0,0.0242,0,-0.9997,0,0,0,0,1]},
{"frame":90,"values":[-0.9994,0,-0.0346,0,0,1,0,0,0.0346,0,-0.9994,0,0,0,0,1]},
{"frame":91,"values":[-0.9991,0,-0.0435,0,0,1,0,0,0.0435,0,-0.9991,0,0,0,0,1]},
{"frame":92,"values":[-0.9988,0,-0.0498,0,0,1,0,0,0.0498,0,-0.9988,0,0,0,0,1]},
{"frame":93,"values":[-0.9986,0,-0.0523,0,0,1,0,0,0.0523,0,-0.9986,0,0,0,0,1]},
{"frame":94,"values":[-0.9988,0,-0.0498,0,0,1,0,0,0.0498,0,-0.9988,0,0,0,0,1]},
{"frame":95,"values":[-0.9991,0,-0.0435,0,0,1,0,0,0.0435,0,-0.9991,0,0,0,0,1]},
{"frame":96,"values":[-0.9994,0,-0.0346,0,0,1,0,0,0.0346,0,-0.9994,0,0,0,0,1]},
{"frame":97,"values":[-0.9997,0,-0.0242,0,0,1,0,0,0.0242,0,-0.9997,0,0,0,0,1]},
{"frame":98,"values":[-0.9999,0,-0.0135,0,0,1,0,0,0.0135,0,-0.9999,0,0,0,0,1]},
{"frame":99,"values":[-1,0,-0.0036,0,0,1,0,0,0.0036,0,-1,0,0,0,0,1]},
{"frame":100,"values":[-1,0,0.0054,0,0,1,0,0,-0.0054,0,-1,0,0,0,0,1]},
{"frame":101,"values":[-0.9999,0,0.0155,0,0,1,0,0,-0.0155,0,-0.9999,0,0,0,0,1]},
{"frame":102,"values":[-0.9997,0,0.0264,0,0,1,0,0,-0.0264,0,-0.9997,0,0,0,0,1]},
{"frame":103,"values":[-0.9993,0,0.0366,0,0,1,0,0,-0.0366,0,-0.9993,0,0,0,0,1]},
{"frame":104,"values":[-0.999,0,0.0451,0,0,1,0,0,-0.0451,0,-0.999,0,0,0,0,1]},
{"frame":105,"values":[-0.9987,0,0.0508,0,0,1,0,0,-0.0508,0,-0.9987,0,0,0,0,1]},
{"frame":106,"values":[-0.9986,0,0.052,0,0,1,0,0,-0.052,0,-0.9986,0,0,0,0,1]},
{"frame":107,"values":[-0.9988,0,0.0487,0,0,1,0,0,-0.0487,0,-0.9988,0,0,0,0,1]},
{"frame":108,"values":[-0.9991,0,0.0419,0,0,1,0,0,-0.0419,0,-0.9991,0,0,0,0,1]},
{"frame":109,"values":[-0.9995,0,0.0327,0,0,1,0,0,-0.0327,0,-0.9995,0,0,0,0,1]},
{"frame":110,"values":[-0.9998,0,0.0221,0,0,1,0,0,-0.0221,0,-0.9998,0,0,0,0,1]},
{"frame":111,"values":[-0.9999,0,0.0114,0,0,1,0,0,-0.0114,0,-0.9999,0,0,0,0,1]},
{"frame":112,"values":[-1,0,0.0018,0,0,1,0,0,-0.0018,0,-1,0,0,0,0,1]}],"loopBehavior":1,"name":"anim","property":"_matrix"}},
{"name":"bn_tail02","index":2,"matrix":[0.9971,0,-0.0763,0,0,1,0,0,0.0763,0,0.9971,0,46.7452,0,0,1],"rest":[1,0,-0.0069,0,0,1,0,0,0.0069,0,1,0,46.7452,0,0,1],"parentBoneIndex":1,"length":40.4169
,"animation":{"dataType":3,"framePerSecond":24,"keys":[
{"frame":1,"values":[0.9971,0,-0.0763,0,0,1,0,0,0.0763,0,0.9971,0,46.7452,0,0,1]},
{"frame":2,"values":[0.9987,0,-0.0519,0,0,1,0,0,0.0519,0,0.9987,0,46.7452,0,0,1]},
{"frame":3,"values":[0.9996,0,-0.0273,0,0,1,0,0,0.0273,0,0.9996,0,46.7452,0,0,1]},
{"frame":4,"values":[1,0,-0.0044,0,0,1,0,0,0.0044,0,1,0,46.7452,0,0,1]},
{"frame":5,"values":[0.9998,0,0.0179,0,0,1,0,0,-0.0179,0,0.9998,0,46.7452,0,0,1]},
{"frame":6,"values":[0.9991,0,0.0428,0,0,1,0,0,-0.0428,0,0.9991,0,46.7452,0,0,1]},
{"frame":7,"values":[0.9977,0,0.0678,0,0,1,0,0,-0.0678,0,0.9977,0,46.7452,0,0,1]},
{"frame":8,"values":[0.9959,0,0.0906,0,0,1,0,0,-0.0906,0,0.9959,0,46.7452,0,0,1]},
{"frame":9,"values":[0.994,0,0.1091,0,0,1,0,0,-0.1091,0,0.994,0,46.7452,0,0,1]},
{"frame":10,"values":[0.9929,0,0.1193,0,0,1,0,0,-0.1193,0,0.9929,0,46.7452,0,0,1]},
{"frame":11,"values":[0.9928,0,0.1201,0,0,1,0,0,-0.1201,0,0.9928,0,46.7452,0,0,1]},
{"frame":12,"values":[0.9938,0,0.111,0,0,1,0,0,-0.111,0,0.9938,0,46.7452,0,0,1]},
{"frame":13,"values":[0.9956,0,0.0941,0,0,1,0,0,-0.0941,0,0.9956,0,46.7452,0,0,1]},
{"frame":14,"values":[0.9975,0,0.0713,0,0,1,0,0,-0.0713,0,0.9975,0,46.7452,0,0,1]},
{"frame":15,"values":[0.9989,0,0.0464,0,0,1,0,0,-0.0464,0,0.9989,0,46.7452,0,0,1]},
{"frame":16,"values":[0.9998,0,0.0218,0,0,1,0,0,-0.0218,0,0.9998,0,46.7452,0,0,1]},
{"frame":17,"values":[1,0,0,0,0,1,0,0,0,0,1,0,46.7452,0,0,1]},
{"frame":18,"values":[0.9998,0,-0.0218,0,0,1,0,0,0.0218,0,0.9998,0,46.7452,0,0,1]},
{"frame":19,"values":[0.9989,0,-0.0465,0,0,1,0,0,0.0465,0,0.9989,0,46.7452,0,0,1]},
{"frame":20,"values":[0.9974,0,-0.0715,0,0,1,0,0,0.0715,0,0.9974,0,46.7452,0,0,1]},
{"frame":21,"values":[0.9955,0,-0.0943,0,0,1,0,0,0.0943,0,0.9955,0,46.7452,0,0,1]},
{"frame":22,"values":[0.9938,0,-0.1112,0,0,1,0,0,0.1112,0,0.9938,0,46.7452,0,0,1]},
{"frame":23,"values":[0.9928,0,-0.1202,0,0,1,0,0,0.1202,0,0.9928,0,46.7452,0,0,1]},
{"frame":24,"values":[0.9929,0,-0.1191,0,0,1,0,0,0.1191,0,0.9929,0,46.7452,0,0,1]},
{"frame":25,"values":[0.9941,0,-0.1084,0,0,1,0,0,0.1084,0,0.9941,0,46.7452,0,0,1]},
{"frame":26,"values":[0.996,0,-0.0896,0,0,1,0,0,0.0896,0,0.996,0,46.7452,0,0,1]},
{"frame":27,"values":[0.9978,0,-0.0666,0,0,1,0,0,0.0666,0,0.9978,0,46.7452,0,0,1]},
{"frame":28,"values":[0.9991,0,-0.0419,0,0,1,0,0,0.0419,0,0.9991,0,46.7452,0,0,1]},
{"frame":29,"values":[0.9998,0,-0.0177,0,0,1,0,0,0.0177,0,0.9998,0,46.7452,0,0,1]},
{"frame":30,"values":[1,0,0.0045,0,0,1,0,0,-0.0045,0,1,0,46.7452,0,0,1]},
{"frame":31,"values":[0.9996,0,0.0278,0,0,1,0,0,-0.0278,0,0.9996,0,46.7452,0,0,1]},
{"frame":32,"values":[0.9986,0,0.0529,0,0,1,0,0,-0.0529,0,0.9986,0,46.7452,0,0,1]},
{"frame":33,"values":[0.997,0,0.0776,0,0,1,0,0,-0.0776,0,0.997,0,46.7452,0,0,1]},
{"frame":34,"values":[0.9951,0,0.0985,0,0,1,0,0,-0.0985,0,0.9951,0,46.7452,0,0,1]},
{"frame":35,"values":[0.9935,0,0.1138,0,0,1,0,0,-0.1138,0,0.9935,0,46.7452,0,0,1]},
{"frame":36,"values":[0.9927,0,0.121,0,0,1,0,0,-0.121,0,0.9927,0,46.7452,0,0,1]},
{"frame":37,"values":[0.993,0,0.1183,0,0,1,0,0,-0.1183,0,0.993,0,46.7452,0,0,1]},
{"frame":38,"values":[0.9945,0,0.105,0,0,1,0,0,-0.105,0,0.9945,0,46.7452,0,0,1]},
{"frame":39,"values":[0.9964,0,0.0852,0,0,1,0,0,-0.0852,0,0.9964,0,46.7452,0,0,1]},
{"frame":40,"values":[0.9981,0,0.0615,0,0,1,0,0,-0.0615,0,0.9981,0,46.7452,0,0,1]},
{"frame":41,"values":[0.9993,0,0.0363,0,0,1,0,0,-0.0363,0,0.9993,0,46.7452,0,0,1]},
{"frame":42,"values":[0.9999,0,0.0127,0,0,1,0,0,-0.0127,0,0.9999,0,46.7452,0,0,1]},
{"frame":43,"values":[1,0,-0.0085,0,0,1,0,0,0.0085,0,1,0,46.7452,0,0,1]},
{"frame":44,"values":[0.9995,0,-0.0315,0,0,1,0,0,0.0315,0,0.9995,0,46.7452,0,0,1]},
{"frame":45,"values":[0.9984,0,-0.0566,0,0,1,0,0,0.0566,0,0.9984,0,46.7452,0,0,1]},
{"frame":46,"values":[0.9967,0,-0.0809,0,0,1,0,0,0.0809,0,0.9967,0,46.7452,0,0,1]},
{"frame":47,"values":[0.9948,0,-0.1016,0,0,1,0,0,0.1016,0,0.9948,0,46.7452,0,0,1]},
{"frame":48,"values":[0.9932,0,-0.116,0,0,1,0,0,0.116,0,0.9932,0,46.7452,0,0,1]},
{"frame":49,"values":[0.9925,0,-0.1219,0,0,1,0,0,0.1219,0,0.9925,0,46.7452,0,0,1]},
{"frame":50,"values":[0.9933,0,-0.1157,0,0,1,0,0,0.1157,0,0.9933,0,46.7452,0,0,1]},
{"frame":51,"values":[0.9949,0,-0.1012,0,0,1,0,0,0.1012,0,0.9949,0,46.7452,0,0,1]},
{"frame":52,"values":[0.9967,0,-0.0807,0,0,1,0,0,0.0807,0,0.9967,0,46.7452,0,0,1]},
{"frame":60,"values":[1,0,0,0,0,1,0,0,0,0,1,0,46.7452,0,0,1]},
{"frame":61,"values":[0.9971,0,-0.0763,0,0,1,0,0,0.0763,0,0.9971,0,46.7452,0,0,1]},
{"frame":62,"values":[0.9987,0,-0.0519,0,0,1,0,0,0.0519,0,0.9987,0,46.7452,0,0,1]},
{"frame":63,"values":[0.9996,0,-0.0273,0,0,1,0,0,0.0273,0,0.9996,0,46.7452,0,0,1]},
{"frame":64,"values":[1,0,-0.0044,0,0,1,0,0,0.0044,0,1,0,46.7452,0,0,1]},
{"frame":65,"values":[0.9998,0,0.0179,0,0,1,0,0,-0.0179,0,0.9998,0,46.7452,0,0,1]},
{"frame":66,"values":[0.9991,0,0.0428,0,0,1,0,0,-0.0428,0,0.9991,0,46.7452,0,0,1]},
{"frame":67,"values":[0.9977,0,0.0678,0,0,1,0,0,-0.0678,0,0.9977,0,46.7452,0,0,1]},
{"frame":68,"values":[0.9959,0,0.0906,0,0,1,0,0,-0.0906,0,0.9959,0,46.7452,0,0,1]},
{"frame":69,"values":[0.994,0,0.1091,0,0,1,0,0,-0.1091,0,0.994,0,46.7452,0,0,1]},
{"frame":70,"values":[0.9929,0,0.1193,0,0,1,0,0,-0.1193,0,0.9929,0,46.7452,0,0,1]},
{"frame":71,"values":[0.9928,0,0.1201,0,0,1,0,0,-0.1201,0,0.9928,0,46.7452,0,0,1]},
{"frame":72,"values":[0.9938,0,0.111,0,0,1,0,0,-0.111,0,0.9938,0,46.7452,0,0,1]},
{"frame":73,"values":[0.9956,0,0.0941,0,0,1,0,0,-0.0941,0,0.9956,0,46.7452,0,0,1]},
{"frame":74,"values":[0.9975,0,0.0713,0,0,1,0,0,-0.0713,0,0.9975,0,46.7452,0,0,1]},
{"frame":75,"values":[0.9989,0,0.0464,0,0,1,0,0,-0.0464,0,0.9989,0,46.7452,0,0,1]},
{"frame":76,"values":[0.9998,0,0.0218,0,0,1,0,0,-0.0218,0,0.9998,0,46.7452,0,0,1]},
{"frame":77,"values":[1,0,0,0,0,1,0,0,0,0,1,0,46.7452,0,0,1]},
{"frame":78,"values":[0.9998,0,-0.0218,0,0,1,0,0,0.0218,0,0.9998,0,46.7452,0,0,1]},
{"frame":79,"values":[0.9989,0,-0.0465,0,0,1,0,0,0.0465,0,0.9989,0,46.7452,0,0,1]},
{"frame":80,"values":[0.9974,0,-0.0715,0,0,1,0,0,0.0715,0,0.9974,0,46.7452,0,0,1]},
{"frame":81,"values":[0.9955,0,-0.0943,0,0,1,0,0,0.0943,0,0.9955,0,46.7452,0,0,1]},
{"frame":82,"values":[0.9938,0,-0.1112,0,0,1,0,0,0.1112,0,0.9938,0,46.7452,0,0,1]},
{"frame":83,"values":[0.9928,0,-0.1202,0,0,1,0,0,0.1202,0,0.9928,0,46.7452,0,0,1]},
{"frame":84,"values":[0.9929,0,-0.1191,0,0,1,0,0,0.1191,0,0.9929,0,46.7452,0,0,1]},
{"frame":85,"values":[0.9941,0,-0.1084,0,0,1,0,0,0.1084,0,0.9941,0,46.7452,0,0,1]},
{"frame":86,"values":[0.996,0,-0.0896,0,0,1,0,0,0.0896,0,0.996,0,46.7452,0,0,1]},
{"frame":87,"values":[0.9978,0,-0.0666,0,0,1,0,0,0.0666,0,0.9978,0,46.7452,0,0,1]},
{"frame":88,"values":[0.9991,0,-0.0419,0,0,1,0,0,0.0419,0,0.9991,0,46.7452,0,0,1]},
{"frame":89,"values":[0.9998,0,-0.0177,0,0,1,0,0,0.0177,0,0.9998,0,46.7452,0,0,1]},
{"frame":90,"values":[1,0,0.0045,0,0,1,0,0,-0.0045,0,1,0,46.7452,0,0,1]},
{"frame":91,"values":[0.9996,0,0.0278,0,0,1,0,0,-0.0278,0,0.9996,0,46.7452,0,0,1]},
{"frame":92,"values":[0.9986,0,0.0529,0,0,1,0,0,-0.0529,0,0.9986,0,46.7452,0,0,1]},
{"frame":93,"values":[0.997,0,0.0776,0,0,1,0,0,-0.0776,0,0.997,0,46.7452,0,0,1]},
{"frame":94,"values":[0.9951,0,0.0985,0,0,1,0,0,-0.0985,0,0.9951,0,46.7452,0,0,1]},
{"frame":95,"values":[0.9935,0,0.1138,0,0,1,0,0,-0.1138,0,0.9935,0,46.7452,0,0,1]},
{"frame":96,"values":[0.9927,0,0.121,0,0,1,0,0,-0.121,0,0.9927,0,46.7452,0,0,1]},
{"frame":97,"values":[0.993,0,0.1183,0,0,1,0,0,-0.1183,0,0.993,0,46.7452,0,0,1]},
{"frame":98,"values":[0.9945,0,0.105,0,0,1,0,0,-0.105,0,0.9945,0,46.7452,0,0,1]},
{"frame":99,"values":[0.9964,0,0.0852,0,0,1,0,0,-0.0852,0,0.9964,0,46.7452,0,0,1]},
{"frame":100,"values":[0.9981,0,0.0615,0,0,1,0,0,-0.0615,0,0.9981,0,46.7452,0,0,1]},
{"frame":101,"values":[0.9993,0,0.0363,0,0,1,0,0,-0.0363,0,0.9993,0,46.7452,0,0,1]},
{"frame":102,"values":[0.9999,0,0.0127,0,0,1,0,0,-0.0127,0,0.9999,0,46.7452,0,0,1]},
{"frame":103,"values":[1,0,-0.0085,0,0,1,0,0,0.0085,0,1,0,46.7452,0,0,1]},
{"frame":104,"values":[0.9995,0,-0.0315,0,0,1,0,0,0.0315,0,0.9995,0,46.7452,0,0,1]},
{"frame":105,"values":[0.9984,0,-0.0566,0,0,1,0,0,0.0566,0,0.9984,0,46.7452,0,0,1]},
{"frame":106,"values":[0.9967,0,-0.0809,0,0,1,0,0,0.0809,0,0.9967,0,46.7452,0,0,1]},
{"frame":107,"values":[0.9948,0,-0.1016,0,0,1,0,0,0.1016,0,0.9948,0,46.7452,0,0,1]},
{"frame":108,"values":[0.9932,0,-0.116,0,0,1,0,0,0.116,0,0.9932,0,46.7452,0,0,1]},
{"frame":109,"values":[0.9925,0,-0.1219,0,0,1,0,0,0.1219,0,0.9925,0,46.7452,0,0,1]},
{"frame":110,"values":[0.9933,0,-0.1157,0,0,1,0,0,0.1157,0,0.9933,0,46.7452,0,0,1]},
{"frame":111,"values":[0.9949,0,-0.1012,0,0,1,0,0,0.1012,0,0.9949,0,46.7452,0,0,1]},
{"frame":112,"values":[0.9967,0,-0.0807,0,0,1,0,0,0.0807,0,0.9967,0,46.7452,0,0,1]}],"loopBehavior":1,"name":"anim","property":"_matrix"}},
{"name":"bn_tail03","index":3,"matrix":[0.9848,0,-0.1736,0,0,1,0,0,0.1736,0,0.9848,0,41.9034,0,0,1],"rest":[0.9999,0,-0.0151,0,0,1,0,0,0.0151,0,0.9999,0,41.9033,0,0,1],"parentBoneIndex":2,"length":28.363
,"animation":{"dataType":3,"framePerSecond":24,"keys":[
{"frame":1,"values":[0.9848,0,-0.1736,0,0,1,0,0,0.1736,0,0.9848,0,41.9034,0,0,1]},
{"frame":2,"values":[0.9863,0,-0.1651,0,0,1,0,0,0.1651,0,0.9863,0,41.9034,0,0,1]},
{"frame":3,"values":[0.9895,0,-0.1444,0,0,1,0,0,0.1444,0,0.9895,0,41.9033,0,0,1]},
{"frame":4,"values":[0.9934,0,-0.1151,0,0,1,0,0,0.1151,0,0.9934,0,41.9033,0,0,1]},
{"frame":5,"values":[0.9967,0,-0.0806,0,0,1,0,0,0.0806,0,0.9967,0,41.9033,0,0,1]},
{"frame":6,"values":[0.999,0,-0.0449,0,0,1,0,0,0.0449,0,0.999,0,41.9034,0,0,1]},
{"frame":7,"values":[0.9999,0,-0.0121,0,0,1,0,0,0.0121,0,0.9999,0,41.9033,0,0,1]},
{"frame":8,"values":[0.9998,0,0.0182,0,0,1,0,0,-0.0182,0,0.9998,0,41.9033,0,0,1]},
{"frame":9,"values":[0.9987,0,0.0518,0,0,1,0,0,-0.0518,0,0.9987,0,41.9033,0,0,1]},
{"frame":10,"values":[0.9961,0,0.0877,0,0,1,0,0,-0.0877,0,0.9961,0,41.9033,0,0,1]},
{"frame":11,"values":[0.9926,0,0.1216,0,0,1,0,0,-0.1216,0,0.9926,0,41.9033,0,0,1]},
{"frame":12,"values":[0.9887,0,0.1497,0,0,1,0,0,-0.1497,0,0.9887,0,41.9034,0,0,1]},
{"frame":13,"values":[0.9857,0,0.1686,0,0,1,0,0,-0.1686,0,0.9857,0,41.9033,0,0,1]},
{"frame":14,"values":[0.985,0,0.1724,0,0,1,0,0,-0.1724,0,0.985,0,41.9034,0,0,1]},
{"frame":15,"values":[0.9868,0,0.1617,0,0,1,0,0,-0.1617,0,0.9868,0,41.9033,0,0,1]},
{"frame":16,"values":[0.9902,0,0.1394,0,0,1,0,0,-0.1394,0,0.9902,0,41.9033,0,0,1]},
{"frame":17,"values":[0.9941,0,0.1089,0,0,1,0,0,-0.1089,0,0.9941,0,41.9033,0,0,1]},
{"frame":18,"values":[0.9973,0,0.0735,0,0,1,0,0,-0.0735,0,0.9973,0,41.9034,0,0,1]},
{"frame":19,"values":[0.9993,0,0.038,0,0,1,0,0,-0.038,0,0.9993,0,41.9033,0,0,1]},
{"frame":20,"values":[1,0,0.0061,0,0,1,0,0,-0.0061,0,1,0,41.9033,0,0,1]},
{"frame":21,"values":[0.9997,0,-0.0242,0,0,1,0,0,0.0242,0,0.9997,0,41.9033,0,0,1]},
{"frame":22,"values":[0.9983,0,-0.0591,0,0,1,0,0,0.0591,0,0.9983,0,41.9033,0,0,1]},
{"frame":23,"values":[0.9955,0,-0.0949,0,0,1,0,0,0.0949,0,0.9955,0,41.9034,0,0,1]},
{"frame":24,"values":[0.9918,0,-0.128,0,0,1,0,0,0.128,0,0.9918,0,41.9033,0,0,1]},
{"frame":25,"values":[0.9879,0,-0.1549,0,0,1,0,0,0.1549,0,0.9879,0,41.9034,0,0,1]},
{"frame":26,"values":[0.9855,0,-0.1699,0,0,1,0,0,0.1699,0,0.9855,0,41.9033,0,0,1]},
{"frame":27,"values":[0.9853,0,-0.1711,0,0,1,0,0,0.1711,0,0.9853,0,41.9033,0,0,1]},
{"frame":28,"values":[0.9874,0,-0.1582,0,0,1,0,0,0.1582,0,0.9874,0,41.9033,0,0,1]},
{"frame":29,"values":[0.991,0,-0.1342,0,0,1,0,0,0.1342,0,0.991,0,41.9033,0,0,1]},
{"frame":30,"values":[0.9948,0,-0.1018,0,0,1,0,0,0.1018,0,0.9948,0,41.9033,0,0,1]},
{"frame":31,"values":[0.9978,0,-0.0662,0,0,1,0,0,0.0662,0,0.9978,0,41.9033,0,0,1]},
{"frame":32,"values":[0.9995,0,-0.0311,0,0,1,0,0,0.0311,0,0.9995,0,41.9034,0,0,1]},
{"frame":33,"values":[1,0,0,0,0,1,0,0,0,0,1,0,41.9034,0,0,1]},
{"frame":34,"values":[0.9995,0,0.0311,0,0,1,0,0,-0.0311,0,0.9995,0,41.9033,0,0,1]},
{"frame":35,"values":[0.9978,0,0.0663,0,0,1,0,0,-0.0663,0,0.9978,0,41.9034,0,0,1]},
{"frame":36,"values":[0.9948,0,0.1018,0,0,1,0,0,-0.1018,0,0.9948,0,41.9033,0,0,1]},
{"frame":37,"values":[0.9909,0,0.1342,0,0,1,0,0,-0.1342,0,0.9909,0,41.9033,0,0,1]},
{"frame":38,"values":[0.9874,0,0.1583,0,0,1,0,0,-0.1583,0,0.9874,0,41.9033,0,0,1]},
{"frame":39,"values":[0.9852,0,0.1711,0,0,1,0,0,-0.1711,0,0.9852,0,41.9034,0,0,1]},
{"frame":40,"values":[0.9855,0,0.1699,0,0,1,0,0,-0.1699,0,0.9855,0,41.9033,0,0,1]},
{"frame":41,"values":[0.9879,0,0.1548,0,0,1,0,0,-0.1548,0,0.9879,0,41.9033,0,0,1]},
{"frame":42,"values":[0.9918,0,0.1279,0,0,1,0,0,-0.1279,0,0.9918,0,41.9034,0,0,1]},
{"frame":43,"values":[0.9955,0,0.0948,0,0,1,0,0,-0.0948,0,0.9955,0,41.9034,0,0,1]},
{"frame":44,"values":[0.9983,0,0.059,0,0,1,0,0,-0.059,0,0.9983,0,41.9034,0,0,1]},
{"frame":45,"values":[0.9997,0,0.0242,0,0,1,0,0,-0.0242,0,0.9997,0,41.9033,0,0,1]},
{"frame":46,"values":[1,0,-0.0061,0,0,1,0,0,0.0061,0,1,0,41.9034,0,0,1]},
{"frame":47,"values":[0.9993,0,-0.038,0,0,1,0,0,0.038,0,0.9993,0,41.9034,0,0,1]},
{"frame":48,"values":[0.9973,0,-0.0735,0,0,1,0,0,0.0735,0,0.9973,0,41.9034,0,0,1]},
{"frame":49,"values":[0.994,0,-0.1089,0,0,1,0,0,0.1089,0,0.994,0,41.9033,0,0,1]},
{"frame":50,"values":[0.9902,0,-0.1395,0,0,1,0,0,0.1395,0,0.9902,0,41.9033,0,0,1]},
{"frame":51,"values":[0.9868,0,-0.1618,0,0,1,0,0,0.1618,0,0.9868,0,41.9033,0,0,1]},
{"frame":52,"values":[0.985,0,-0.1724,0,0,1,0,0,0.1724,0,0.985,0,41.9033,0,0,1]},
{"frame":60,"values":[1,0,0,0,0,1,0,0,0,0,1,0,41.9033,0,0,1]},
{"frame":61,"values":[0.9848,0,-0.1736,0,0,1,0,0,0.1736,0,0.9848,0,41.9033,0,0,1]},
{"frame":62,"values":[0.9863,0,-0.1651,0,0,1,0,0,0.1651,0,0.9863,0,41.9034,0,0,1]},
{"frame":63,"values":[0.9895,0,-0.1444,0,0,1,0,0,0.1444,0,0.9895,0,41.9033,0,0,1]},
{"frame":64,"values":[0.9934,0,-0.1151,0,0,1,0,0,0.1151,0,0.9934,0,41.9033,0,0,1]},
{"frame":65,"values":[0.9967,0,-0.0806,0,0,1,0,0,0.0806,0,0.9967,0,41.9033,0,0,1]},
{"frame":66,"values":[0.999,0,-0.0449,0,0,1,0,0,0.0449,0,0.999,0,41.9034,0,0,1]},
{"frame":67,"values":[0.9999,0,-0.0121,0,0,1,0,0,0.0121,0,0.9999,0,41.9034,0,0,1]},
{"frame":68,"values":[0.9998,0,0.0182,0,0,1,0,0,-0.0182,0,0.9998,0,41.9033,0,0,1]},
{"frame":69,"values":[0.9987,0,0.0518,0,0,1,0,0,-0.0518,0,0.9987,0,41.9034,0,0,1]},
{"frame":70,"values":[0.9961,0,0.0877,0,0,1,0,0,-0.0877,0,0.9961,0,41.9033,0,0,1]},
{"frame":71,"values":[0.9926,0,0.1216,0,0,1,0,0,-0.1216,0,0.9926,0,41.9034,0,0,1]},
{"frame":72,"values":[0.9887,0,0.1497,0,0,1,0,0,-0.1497,0,0.9887,0,41.9033,0,0,1]},
{"frame":73,"values":[0.9857,0,0.1686,0,0,1,0,0,-0.1686,0,0.9857,0,41.9033,0,0,1]},
{"frame":74,"values":[0.985,0,0.1724,0,0,1,0,0,-0.1724,0,0.985,0,41.9034,0,0,1]},
{"frame":75,"values":[0.9868,0,0.1617,0,0,1,0,0,-0.1617,0,0.9868,0,41.9034,0,0,1]},
{"frame":76,"values":[0.9902,0,0.1394,0,0,1,0,0,-0.1394,0,0.9902,0,41.9034,0,0,1]},
{"frame":77,"values":[0.9941,0,0.1089,0,0,1,0,0,-0.1089,0,0.9941,0,41.9033,0,0,1]},
{"frame":78,"values":[0.9973,0,0.0735,0,0,1,0,0,-0.0735,0,0.9973,0,41.9033,0,0,1]},
{"frame":79,"values":[0.9993,0,0.038,0,0,1,0,0,-0.038,0,0.9993,0,41.9033,0,0,1]},
{"frame":80,"values":[1,0,0.0061,0,0,1,0,0,-0.0061,0,1,0,41.9033,0,0,1]},
{"frame":81,"values":[0.9997,0,-0.0242,0,0,1,0,0,0.0242,0,0.9997,0,41.9033,0,0,1]},
{"frame":82,"values":[0.9983,0,-0.0591,0,0,1,0,0,0.0591,0,0.9983,0,41.9033,0,0,1]},
{"frame":83,"values":[0.9955,0,-0.0949,0,0,1,0,0,0.0949,0,0.9955,0,41.9033,0,0,1]},
{"frame":84,"values":[0.9918,0,-0.128,0,0,1,0,0,0.128,0,0.9918,0,41.9034,0,0,1]},
{"frame":85,"values":[0.9879,0,-0.1549,0,0,1,0,0,0.1549,0,0.9879,0,41.9033,0,0,1]},
{"frame":86,"values":[0.9855,0,-0.1699,0,0,1,0,0,0.1699,0,0.9855,0,41.9034,0,0,1]},
{"frame":87,"values":[0.9853,0,-0.1711,0,0,1,0,0,0.1711,0,0.9853,0,41.9033,0,0,1]},
{"frame":88,"values":[0.9874,0,-0.1582,0,0,1,0,0,0.1582,0,0.9874,0,41.9033,0,0,1]},
{"frame":89,"values":[0.991,0,-0.1342,0,0,1,0,0,0.1342,0,0.991,0,41.9034,0,0,1]},
{"frame":90,"values":[0.9948,0,-0.1018,0,0,1,0,0,0.1018,0,0.9948,0,41.9033,0,0,1]},
{"frame":91,"values":[0.9978,0,-0.0662,0,0,1,0,0,0.0662,0,0.9978,0,41.9034,0,0,1]},
{"frame":92,"values":[0.9995,0,-0.0311,0,0,1,0,0,0.0311,0,0.9995,0,41.9034,0,0,1]},
{"frame":93,"values":[1,0,0,0,0,1,0,0,0,0,1,0,41.9033,0,0,1]},
{"frame":94,"values":[0.9995,0,0.0311,0,0,1,0,0,-0.0311,0,0.9995,0,41.9033,0,0,1]},
{"frame":95,"values":[0.9978,0,0.0663,0,0,1,0,0,-0.0663,0,0.9978,0,41.9033,0,0,1]},
{"frame":96,"values":[0.9948,0,0.1018,0,0,1,0,0,-0.1018,0,0.9948,0,41.9033,0,0,1]},
{"frame":97,"values":[0.9909,0,0.1342,0,0,1,0,0,-0.1342,0,0.9909,0,41.9034,0,0,1]},
{"frame":98,"values":[0.9874,0,0.1583,0,0,1,0,0,-0.1583,0,0.9874,0,41.9033,0,0,1]},
{"frame":99,"values":[0.9852,0,0.1711,0,0,1,0,0,-0.1711,0,0.9852,0,41.9033,0,0,1]},
{"frame":100,"values":[0.9855,0,0.1699,0,0,1,0,0,-0.1699,0,0.9855,0,41.9033,0,0,1]},
{"frame":101,"values":[0.9879,0,0.1548,0,0,1,0,0,-0.1548,0,0.9879,0,41.9033,0,0,1]},
{"frame":102,"values":[0.9918,0,0.1279,0,0,1,0,0,-0.1279,0,0.9918,0,41.9033,0,0,1]},
{"frame":103,"values":[0.9955,0,0.0948,0,0,1,0,0,-0.0948,0,0.9955,0,41.9034,0,0,1]},
{"frame":104,"values":[0.9983,0,0.059,0,0,1,0,0,-0.059,0,0.9983,0,41.9033,0,0,1]},
{"frame":105,"values":[0.9997,0,0.0242,0,0,1,0,0,-0.0242,0,0.9997,0,41.9033,0,0,1]},
{"frame":106,"values":[1,0,-0.0061,0,0,1,0,0,0.0061,0,1,0,41.9034,0,0,1]},
{"frame":107,"values":[0.9993,0,-0.038,0,0,1,0,0,0.038,0,0.9993,0,41.9033,0,0,1]},
{"frame":108,"values":[0.9973,0,-0.0735,0,0,1,0,0,0.0735,0,0.9973,0,41.9033,0,0,1]},
{"frame":109,"values":[0.994,0,-0.1089,0,0,1,0,0,0.1089,0,0.994,0,41.9034,0,0,1]},
{"frame":110,"values":[0.9902,0,-0.1395,0,0,1,0,0,0.1395,0,0.9902,0,41.9033,0,0,1]},
{"frame":111,"values":[0.9868,0,-0.1618,0,0,1,0,0,0.1618,0,0.9868,0,41.9033,0,0,1]},
{"frame":112,"values":[0.985,0,-0.1724,0,0,1,0,0,0.1724,0,0.985,0,41.9034,0,0,1]}],"loopBehavior":1,"name":"anim","property":"_matrix"}},
{"name":"bn_tail04","index":4,"matrix":[0.9838,-0.0025,-0.1793,0,0.0025,1,0,0,0.1793,-0.0004,0.9838,0,41.5827,0,0,1],"rest":[0.9999,-0.0025,-0.0147,0,0.0025,1,0,0,0.0147,0,0.9999,0,41.5827,0,0,1],"parentBoneIndex":3,"length":42.8442
,"animation":{"dataType":3,"framePerSecond":24,"keys":[
{"frame":1,"values":[0.9838,-0.0025,-0.1793,0,0.0025,1,0,0,0.1793,-0.0004,0.9838,0,41.5827,0,0,1]},
{"frame":2,"values":[0.9711,-0.0024,-0.2385,0,0.0025,1,0,0,0.2385,-0.0006,0.9712,0,41.5827,0,0,1]},
{"frame":3,"values":[0.9589,-0.0024,-0.2839,0,0.0025,1,0,0,0.2839,-0.0007,0.9589,0,41.5827,0,0,1]},
{"frame":4,"values":[0.9519,-0.0024,-0.3063,0,0.0025,1,0,0,0.3063,-0.0008,0.9519,0,41.5827,0,0,1]},
{"frame":5,"values":[0.9538,-0.0024,-0.3003,0,0.0025,1,0,0,0.3003,-0.0007,0.9538,0,41.5827,0,0,1]},
{"frame":6,"values":[0.9636,-0.0024,-0.2672,0,0.0025,1,0,0,0.2672,-0.0007,0.9636,0,41.5827,0,0,1]},
{"frame":7,"values":[0.976,-0.0024,-0.2177,0,0.0025,1,0,0,0.2177,-0.0005,0.976,0,41.5827,0,0,1]},
{"frame":8,"values":[0.9875,-0.0025,-0.1575,0,0.0025,1,0,0,0.1575,-0.0004,0.9875,0,41.5827,0,0,1]},
{"frame":9,"values":[0.9956,-0.0025,-0.0932,0,0.0025,1,0,0,0.0931,-0.0002,0.9957,0,41.5827,0,0,1]},
{"frame":10,"values":[0.9995,-0.0025,-0.0327,0,0.0025,1,0,0,0.0327,-0.0001,0.9995,0,41.5827,0,0,1]},
{"frame":11,"values":[0.9998,-0.0025,0.0218,0,0.0025,1,0,0,-0.0218,0.0001,0.9998,0,41.5827,0,0,1]},
{"frame":12,"values":[0.9967,-0.0025,0.0808,0,0.0025,1,0,0,-0.0808,0.0002,0.9967,0,41.5827,0,0,1]},
{"frame":13,"values":[0.9894,-0.0025,0.1449,0,0.0025,1,0,0,-0.1449,0.0004,0.9894,0,41.5827,0,0,1]},
{"frame":14,"values":[0.9785,-0.0024,0.2064,0,0.0025,1,0,0,-0.2064,0.0005,0.9785,0,41.5827,0,0,1]},
{"frame":15,"values":[0.9661,-0.0024,0.2581,0,0.0025,1,0,0,-0.2581,0.0006,0.9661,0,41.5827,0,0,1]},
{"frame":16,"values":[0.9557,-0.0024,0.2942,0,0.0025,1,0,0,-0.2942,0.0007,0.9557,0,41.5827,0,0,1]},
{"frame":17,"values":[0.9511,-0.0024,0.309,0,0.0025,1,0,0,-0.309,0.0008,0.9511,0,41.5827,0,0,1]},
{"frame":18,"values":[0.9556,-0.0024,0.2946,0,0.0025,1,0,0,-0.2946,0.0007,0.9556,0,41.5827,0,0,1]},
{"frame":19,"values":[0.9658,-0.0024,0.2591,0,0.0025,1,0,0,-0.2591,0.0006,0.9658,0,41.5827,0,0,1]},
{"frame":20,"values":[0.9781,-0.0024,0.2081,0,0.0025,1,0,0,-0.2081,0.0005,0.9781,0,41.5827,0,0,1]},
{"frame":21,"values":[0.9891,-0.0025,0.1472,0,0.0025,1,0,0,-0.1471,0.0004,0.9891,0,41.5827,0,0,1]},
{"frame":22,"values":[0.9966,-0.0025,0.0827,0,0.0025,1,0,0,-0.0827,0.0002,0.9966,0,41.5827,0,0,1]},
{"frame":23,"values":[0.9997,-0.0025,0.0225,0,0.0025,1,0,0,-0.0225,0.0001,0.9997,0,41.5827,0,0,1]},
{"frame":24,"values":[0.9995,-0.0025,-0.0313,0,0.0025,1,0,0,0.0313,-0.0001,0.9995,0,41.5827,0,0,1]},
{"frame":25,"values":[0.9964,-0.0025,-0.0849,0,0.0025,1,0,0,0.0849,-0.0002,0.9964,0,41.5827,0,0,1]},
{"frame":26,"values":[0.9898,-0.0025,-0.1428,0,0.0025,1,0,0,0.1428,-0.0004,0.9898,0,41.5827,0,0,1]},
{"frame":27,"values":[0.979,-0.0024,-0.2037,0,0.0025,1,0,0,0.2037,-0.0005,0.979,0,41.5827,0,0,1]},
{"frame":28,"values":[0.9658,-0.0024,-0.2592,0,0.0025,1,0,0,0.2592,-0.0006,0.9658,0,41.5827,0,0,1]},
{"frame":29,"values":[0.9545,-0.0024,-0.2982,0,0.0025,1,0,0,0.2982,-0.0007,0.9545,0,41.5827,0,0,1]},
{"frame":30,"values":[0.9518,-0.0024,-0.3068,0,0.0025,1,0,0,0.3068,-0.0008,0.9518,0,41.5827,0,0,1]},
{"frame":31,"values":[0.9575,-0.0024,-0.2883,0,0.0025,1,0,0,0.2883,-0.0007,0.9575,0,41.5827,0,0,1]},
{"frame":32,"values":[0.9685,-0.0024,-0.2491,0,0.0025,1,0,0,0.2491,-0.0006,0.9685,0,41.5827,0,0,1]},
{"frame":33,"values":[0.9808,-0.0024,-0.1951,0,0.0025,1,0,0,0.1951,-0.0005,0.9808,0,41.5827,0,0,1]},
{"frame":34,"values":[0.9912,-0.0025,-0.132,0,0.0025,1,0,0,0.132,-0.0003,0.9912,0,41.5827,0,0,1]},
{"frame":35,"values":[0.9977,-0.0025,-0.0684,0,0.0025,1,0,0,0.0684,-0.0002,0.9977,0,41.5827,0,0,1]},
{"frame":36,"values":[0.9999,-0.0025,-0.0109,0,0.0025,1,0,0,0.0109,0,0.9999,0,41.5827,0,0,1]},
{"frame":37,"values":[0.999,-0.0025,0.0436,0,0.0025,1,0,0,-0.0436,0.0001,0.9991,0,41.5827,0,0,1]},
{"frame":38,"values":[0.9944,-0.0025,0.1061,0,0.0025,1,0,0,-0.1061,0.0003,0.9944,0,41.5827,0,0,1]},
{"frame":39,"values":[0.9854,-0.0025,0.1701,0,0.0025,1,0,0,-0.1701,0.0004,0.9854,0,41.5827,0,0,1]},
{"frame":40,"values":[0.9735,-0.0024,0.2288,0,0.0025,1,0,0,-0.2288,0.0006,0.9735,0,41.5827,0,0,1]},
{"frame":41,"values":[0.9611,-0.0024,0.2762,0,0.0025,1,0,0,-0.2762,0.0007,0.9611,0,41.5827,0,0,1]},
{"frame":42,"values":[0.9532,-0.0024,0.3024,0,0.0025,1,0,0,-0.3024,0.0008,0.9532,0,41.5827,0,0,1]},
{"frame":43,"values":[0.9524,-0.0024,0.3047,0,0.0025,1,0,0,-0.3047,0.0008,0.9524,0,41.5827,0,0,1]},
{"frame":44,"values":[0.9592,-0.0024,0.2828,0,0.0025,1,0,0,-0.2828,0.0007,0.9592,0,41.5827,0,0,1]},
{"frame":45,"values":[0.9704,-0.0024,0.2413,0,0.0025,1,0,0,-0.2413,0.0006,0.9704,0,41.5827,0,0,1]},
{"frame":46,"values":[0.9828,-0.0025,0.1846,0,0.0025,1,0,0,-0.1846,0.0005,0.9828,0,41.5827,0,0,1]},
{"frame":47,"values":[0.9926,-0.0025,0.1213,0,0.0025,1,0,0,-0.1213,0.0003,0.9926,0,41.5827,0,0,1]},
{"frame":48,"values":[0.9983,-0.0025,0.0576,0,0.0025,1,0,0,-0.0576,0.0001,0.9983,0,41.5827,0,0,1]},
{"frame":49,"values":[1,-0.0025,0,0,0.0025,1,0,0,0,0,1,0,41.5827,0,0,1]},
{"frame":50,"values":[0.9986,-0.0025,-0.0534,0,0.0025,1,0,0,0.0534,-0.0001,0.9986,0,41.5827,0,0,1]},
{"frame":51,"values":[0.994,-0.0025,-0.1096,0,0.0025,1,0,0,0.1096,-0.0003,0.994,0,41.5827,0,0,1]},
{"frame":52,"values":[0.9858,-0.0025,-0.1676,0,0.0025,1,0,0,0.1676,-0.0004,0.9859,0,41.5827,0,0,1]},
{"frame":60,"values":[1,-0.0025,0,0,0.0025,1,0,0,0,0,1,0,41.5827,0,0,1]},
{"frame":61,"values":[0.9838,-0.0025,-0.1793,0,0.0025,1,0,0,0.1793,-0.0004,0.9838,0,41.5827,0,0,1]},
{"frame":62,"values":[0.9711,-0.0024,-0.2385,0,0.0025,1,0,0,0.2385,-0.0006,0.9712,0,41.5827,0,0,1]},
{"frame":63,"values":[0.9589,-0.0024,-0.2839,0,0.0025,1,0,0,0.2839,-0.0007,0.9589,0,41.5827,0,0,1]},
{"frame":64,"values":[0.9519,-0.0024,-0.3063,0,0.0025,1,0,0,0.3063,-0.0008,0.9519,0,41.5827,0,0,1]},
{"frame":65,"values":[0.9538,-0.0024,-0.3003,0,0.0025,1,0,0,0.3003,-0.0007,0.9538,0,41.5827,0,0,1]},
{"frame":66,"values":[0.9636,-0.0024,-0.2672,0,0.0025,1,0,0,0.2672,-0.0007,0.9636,0,41.5827,0,0,1]},
{"frame":67,"values":[0.976,-0.0024,-0.2177,0,0.0025,1,0,0,0.2177,-0.0005,0.976,0,41.5827,0,0,1]},
{"frame":68,"values":[0.9875,-0.0025,-0.1575,0,0.0025,1,0,0,0.1575,-0.0004,0.9875,0,41.5827,0,0,1]},
{"frame":69,"values":[0.9956,-0.0025,-0.0932,0,0.0025,1,0,0,0.0931,-0.0002,0.9957,0,41.5827,0,0,1]},
{"frame":70,"values":[0.9995,-0.0025,-0.0327,0,0.0025,1,0,0,0.0327,-0.0001,0.9995,0,41.5827,0,0,1]},
{"frame":71,"values":[0.9998,-0.0025,0.0218,0,0.0025,1,0,0,-0.0218,0.0001,0.9998,0,41.5827,0,0,1]},
{"frame":72,"values":[0.9967,-0.0025,0.0808,0,0.0025,1,0,0,-0.0808,0.0002,0.9967,0,41.5827,0,0,1]},
{"frame":73,"values":[0.9894,-0.0025,0.1449,0,0.0025,1,0,0,-0.1449,0.0004,0.9894,0,41.5827,0,0,1]},
{"frame":74,"values":[0.9785,-0.0024,0.2064,0,0.0025,1,0,0,-0.2064,0.0005,0.9785,0,41.5827,0,0,1]},
{"frame":75,"values":[0.9661,-0.0024,0.2581,0,0.0025,1,0,0,-0.2581,0.0006,0.9661,0,41.5827,0,0,1]},
{"frame":76,"values":[0.9557,-0.0024,0.2942,0,0.0025,1,0,0,-0.2942,0.0007,0.9557,0,41.5827,0,0,1]},
{"frame":77,"values":[0.9511,-0.0024,0.309,0,0.0025,1,0,0,-0.309,0.0008,0.9511,0,41.5827,0,0,1]},
{"frame":78,"values":[0.9556,-0.0024,0.2946,0,0.0025,1,0,0,-0.2946,0.0007,0.9556,0,41.5827,0,0,1]},
{"frame":79,"values":[0.9658,-0.0024,0.2591,0,0.0025,1,0,0,-0.2591,0.0006,0.9658,0,41.5827,0,0,1]},
{"frame":80,"values":[0.9781,-0.0024,0.2081,0,0.0025,1,0,0,-0.2081,0.0005,0.9781,0,41.5827,0,0,1]},
{"frame":81,"values":[0.9891,-0.0025,0.1472,0,0.0025,1,0,0,-0.1471,0.0004,0.9891,0,41.5827,0,0,1]},
{"frame":82,"values":[0.9966,-0.0025,0.0827,0,0.0025,1,0,0,-0.0827,0.0002,0.9966,0,41.5827,0,0,1]},
{"frame":83,"values":[0.9997,-0.0025,0.0225,0,0.0025,1,0,0,-0.0225,0.0001,0.9997,0,41.5827,0,0,1]},
{"frame":84,"values":[0.9995,-0.0025,-0.0313,0,0.0025,1,0,0,0.0313,-0.0001,0.9995,0,41.5827,0,0,1]},
{"frame":85,"values":[0.9964,-0.0025,-0.0849,0,0.0025,1,0,0,0.0849,-0.0002,0.9964,0,41.5827,0,0,1]},
{"frame":86,"values":[0.9898,-0.0025,-0.1428,0,0.0025,1,0,0,0.1428,-0.0004,0.9898,0,41.5827,0,0,1]},
{"frame":87,"values":[0.979,-0.0024,-0.2037,0,0.0025,1,0,0,0.2037,-0.0005,0.979,0,41.5827,0,0,1]},
{"frame":88,"values":[0.9658,-0.0024,-0.2592,0,0.0025,1,0,0,0.2592,-0.0006,0.9658,0,41.5827,0,0,1]},
{"frame":89,"values":[0.9545,-0.0024,-0.2982,0,0.0025,1,0,0,0.2982,-0.0007,0.9545,0,41.5827,0,0,1]},
{"frame":90,"values":[0.9518,-0.0024,-0.3068,0,0.0025,1,0,0,0.3068,-0.0008,0.9518,0,41.5827,0,0,1]},
{"frame":91,"values":[0.9575,-0.0024,-0.2883,0,0.0025,1,0,0,0.2883,-0.0007,0.9575,0,41.5827,0,0,1]},
{"frame":92,"values":[0.9685,-0.0024,-0.2491,0,0.0025,1,0,0,0.2491,-0.0006,0.9685,0,41.5827,0,0,1]},
{"frame":93,"values":[0.9808,-0.0024,-0.1951,0,0.0025,1,0,0,0.1951,-0.0005,0.9808,0,41.5827,0,0,1]},
{"frame":94,"values":[0.9912,-0.0025,-0.132,0,0.0025,1,0,0,0.132,-0.0003,0.9912,0,41.5827,0,0,1]},
{"frame":95,"values":[0.9977,-0.0025,-0.0684,0,0.0025,1,0,0,0.0684,-0.0002,0.9977,0,41.5827,0,0,1]},
{"frame":96,"values":[0.9999,-0.0025,-0.0109,0,0.0025,1,0,0,0.0109,0,0.9999,0,41.5827,0,0,1]},
{"frame":97,"values":[0.999,-0.0025,0.0436,0,0.0025,1,0,0,-0.0436,0.0001,0.9991,0,41.5827,0,0,1]},
{"frame":98,"values":[0.9944,-0.0025,0.1061,0,0.0025,1,0,0,-0.1061,0.0003,0.9944,0,41.5827,0,0,1]},
{"frame":99,"values":[0.9854,-0.0025,0.1701,0,0.0025,1,0,0,-0.1701,0.0004,0.9854,0,41.5827,0,0,1]},
{"frame":100,"values":[0.9735,-0.0024,0.2288,0,0.0025,1,0,0,-0.2288,0.0006,0.9735,0,41.5827,0,0,1]},
{"frame":101,"values":[0.9611,-0.0024,0.2762,0,0.0025,1,0,0,-0.2762,0.0007,0.9611,0,41.5827,0,0,1]},
{"frame":102,"values":[0.9532,-0.0024,0.3024,0,0.0025,1,0,0,-0.3024,0.0008,0.9532,0,41.5827,0,0,1]},
{"frame":103,"values":[0.9524,-0.0024,0.3047,0,0.0025,1,0,0,-0.3047,0.0008,0.9524,0,41.5827,0,0,1]},
{"frame":104,"values":[0.9592,-0.0024,0.2828,0,0.0025,1,0,0,-0.2828,0.0007,0.9592,0,41.5827,0,0,1]},
{"frame":105,"values":[0.9704,-0.0024,0.2413,0,0.0025,1,0,0,-0.2413,0.0006,0.9704,0,41.5827,0,0,1]},
{"frame":106,"values":[0.9828,-0.0025,0.1846,0,0.0025,1,0,0,-0.1846,0.0005,0.9828,0,41.5827,0,0,1]},
{"frame":107,"values":[0.9926,-0.0025,0.1213,0,0.0025,1,0,0,-0.1213,0.0003,0.9926,0,41.5827,0,0,1]},
{"frame":108,"values":[0.9983,-0.0025,0.0576,0,0.0025,1,0,0,-0.0576,0.0001,0.9983,0,41.5827,0,0,1]},
{"frame":109,"values":[1,-0.0025,0,0,0.0025,1,0,0,0,0,1,0,41.5827,0,0,1]},
{"frame":110,"values":[0.9986,-0.0025,-0.0534,0,0.0025,1,0,0,0.0534,-0.0001,0.9986,0,41.5827,0,0,1]},
{"frame":111,"values":[0.994,-0.0025,-0.1096,0,0.0025,1,0,0,0.1096,-0.0003,0.994,0,41.5827,0,0,1]},
{"frame":112,"values":[0.9858,-0.0025,-0.1676,0,0.0025,1,0,0,0.1676,-0.0004,0.9859,0,41.5827,0,0,1]}],"loopBehavior":1,"name":"anim","property":"_matrix"}},
{"name":"bn_tail05","index":5,"matrix":[1,0.0063,0,0,-0.0063,1,0,0,0,0,1,0,42.8443,0,0,1],"rest":[1,0.0063,0.0002,0,-0.0063,1,0,0,-0.0002,0,1,0,42.8442,0,0,1],"parentBoneIndex":4,"length":28.2879
,"animation":{"dataType":3,"framePerSecond":24,"keys":[
{"frame":1,"values":[1,0.0063,0,0,-0.0063,1,0,0,0,0,1,0,42.8443,0,0,1]},
{"frame":2,"values":[0.9997,0.0063,-0.0224,0,-0.0063,1,0,0,0.0224,0.0001,0.9997,0,42.8442,0,0,1]},
{"frame":3,"values":[0.9972,0.0063,-0.0742,0,-0.0063,1,0,0,0.0742,0.0005,0.9972,0,42.8443,0,0,1]},
{"frame":4,"values":[0.9898,0.0062,-0.1422,0,-0.0063,1,0,0,0.1422,0.0009,0.9898,0,42.8442,0,0,1]},
{"frame":5,"values":[0.977,0.0061,-0.2131,0,-0.0063,1,0,0,0.2131,0.0013,0.977,0,42.8443,0,0,1]},
{"frame":6,"values":[0.9627,0.006,-0.2706,0,-0.0063,1,0,0,0.2705,0.0017,0.9627,0,42.8442,0,0,1]},
{"frame":7,"values":[0.9531,0.006,-0.3026,0,-0.0063,1,0,0,0.3026,0.0019,0.9531,0,42.8443,0,0,1]},
{"frame":8,"values":[0.9531,0.006,-0.3024,0,-0.0063,1,0,0,0.3024,0.0019,0.9532,0,42.8443,0,0,1]},
{"frame":9,"values":[0.9611,0.006,-0.2762,0,-0.0063,1,0,0,0.2762,0.0017,0.9611,0,42.8442,0,0,1]},
{"frame":10,"values":[0.9734,0.0061,-0.2288,0,-0.0063,1,0,0,0.2288,0.0014,0.9735,0,42.8442,0,0,1]},
{"frame":11,"values":[0.9854,0.0062,-0.1701,0,-0.0063,1,0,0,0.1701,0.0011,0.9854,0,42.8443,0,0,1]},
{"frame":12,"values":[0.9943,0.0062,-0.1061,0,-0.0063,1,0,0,0.1061,0.0007,0.9944,0,42.8443,0,0,1]},
