{"producer":{"name":"Blender","version":"2.79 (sub 0)","exporter_version":"5.6.3","file":"Fish17.babylon"},
"autoClear":true,"clearColor":[0.0509,0.0509,0.0509],"ambientColor":[0,0,0],"gravity":[0,-9.81,0],
"materials":[{"name":"Fish17.ca_duoi_texture","id":"Fish17.ca_duoi_texture","ambient":[1,1,1],"diffuse":[0.8,0.8,0.8],"specular":[0.5,0.5,0.5],"emissive":[0,0,0],"specularPower":49,"alpha":1,"backFaceCulling":true,"checkReadyOnlyOnce":false,"maxSimultaneousLights":4, 
"diffuseTexture":{"name":"","level":1,"hasAlpha":1,"coordinatesMode":0,"uOffset":0,"vOffset":0,"uScale":1,"vScale":1,"uAng":0,"vAng":0,"wAng":0,"wrapU":1,"wrapV":1,"coordinatesIndex":0}}],
"multiMaterials":[],
"skeletons":[{"name":"ca_duoi","id":0,"dimensionsAtRest":[2001.1858,811.7072,2263.0139],"bones":[
{"name":"xuong:Bip01","index":0,"matrix":[0.9934,0.115,0,0,0,0,1,0,-0.115,0.9934,0,0,309.3727,55.0683,0,1],"rest":[0.9994,0.0332,0,0,0,0,1,0,-0.0332,0.9994,0,0,309.3727,-93.0383,0,1],"parentBoneIndex":-1,"length":1.1377
,"animation":{"dataType":3,"framePerSecond":30,"keys":[
{"frame":1,"values":[0.9994,0.0332,0,0,0,0,1,0,-0.0332,0.9994,0,0,309.3727,33.2677,0,1]},
{"frame":2,"values":[0.9996,0.0283,0,0,0,0,1,0,-0.0283,0.9996,0,0,309.3727,31.9414,0,1]},
{"frame":3,"values":[0.9997,0.0235,0,0,0,0,1,0,-0.0235,0.9997,0,0,309.3727,33.2677,0,1]},
{"frame":4,"values":[0.9998,0.0187,0,0,0,0,1,0,-0.0187,0.9998,0,0,309.3727,34.594,0,1]},
{"frame":5,"values":[0.9999,0.0139,0,0,0,0,1,0,-0.0139,0.9999,0,0,309.3727,35.9203,0,1]},
{"frame":6,"values":[1,0.009,0,0,0,0,1,0,-0.009,1,0,0,309.3727,37.2466,0,1]},
{"frame":7,"values":[1,0.0042,0,0,0,0,1,0,-0.0042,1,0,0,309.3727,38.5728,0,1]},
{"frame":8,"values":[1,-0.0006,0,0,0,0,1,0,0.0006,1,0,0,309.3727,39.8991,0,1]},
{"frame":9,"values":[1,-0.0054,0,0,0,0,1,0,0.0054,1,0,0,309.3727,41.2254,0,1]},
{"frame":10,"values":[0.9999,-0.0103,0,0,0,0,1,0,0.0103,0.9999,0,0,309.3727,42.5517,0,1]},
{"frame":11,"values":[0.9999,-0.0151,0,0,0,0,1,0,0.0151,0.9999,0,0,309.3727,43.878,0,1]},
{"frame":12,"values":[0.9998,-0.0199,0,0,0,0,1,0,0.0199,0.9998,0,0,309.3727,45.2043,0,1]},
{"frame":13,"values":[0.9997,-0.0247,0,0,0,0,1,0,0.0247,0.9997,0,0,309.3727,46.5306,0,1]},
{"frame":14,"values":[0.9996,-0.0296,0,0,0,0,1,0,0.0296,0.9996,0,0,309.3727,47.8569,0,1]},
{"frame":15,"values":[0.9994,-0.0344,0,0,0,0,1,0,0.0344,0.9994,0,0,309.3727,49.1831,0,1]},
{"frame":16,"values":[0.9992,-0.0392,0,0,0,0,1,0,0.0392,0.9992,0,0,309.3727,50.5094,0,1]},
{"frame":17,"values":[0.9994,-0.0344,0,0,0,0,1,0,0.0344,0.9994,0,0,309.3727,51.8357,0,1]},
{"frame":18,"values":[0.9996,-0.0296,0,0,0,0,1,0,0.0296,0.9996,0,0,309.3727,53.162,0,1]},
{"frame":19,"values":[0.9997,-0.0247,0,0,0,0,1,0,0.0247,0.9997,0,0,309.3727,54.4883,0,1]},
{"frame":20,"values":[0.9998,-0.0199,0,0,0,0,1,0,0.0199,0.9998,0,0,309.3727,55.8146,0,1]},
{"frame":21,"values":[0.9999,-0.0151,0,0,0,0,1,0,0.0151,0.9999,0,0,309.3727,57.1409,0,1]},
{"frame":22,"values":[0.9999,-0.0103,0,0,0,0,1,0,0.0103,0.9999,0,0,309.3727,58.4672,0,1]},
{"frame":23,"values":[1,-0.0054,0,0,0,0,1,0,0.0054,1,0,0,309.3727,59.7935,0,1]},
{"frame":24,"values":[1,-0.0006,0,0,0,0,1,0,0.0006,1,0,0,309.3727,61.1197,0,1]},
{"frame":25,"values":[1,0.0042,0,0,0,0,1,0,-0.0042,1,0,0,309.3727,62.446,0,1]},
{"frame":26,"values":[1,0.009,0,0,0,0,1,0,-0.009,1,0,0,309.3727,63.7723,0,1]},
{"frame":27,"values":[0.9999,0.0139,0,0,0,0,1,0,-0.0139,0.9999,0,0,309.3727,65.0986,0,1]},
{"frame":28,"values":[0.9998,0.0187,0,0,0,0,1,0,-0.0187,0.9998,0,0,309.3727,66.4249,0,1]},
{"frame":29,"values":[0.9997,0.0235,0,0,0,0,1,0,-0.0235,0.9997,0,0,309.3727,67.7512,0,1]},
{"frame":30,"values":[0.9996,0.0283,0,0,0,0,1,0,-0.0283,0.9996,0,0,309.3727,69.0775,0,1]},
{"frame":31,"values":[0.9994,0.0332,0,0,0,0,1,0,-0.0332,0.9994,0,0,309.3727,70.4037,0,1]},
{"frame":32,"values":[0.9992,0.0395,0,0,0,0,1,0,-0.0395,0.9992,0,0,309.3727,71.73,0,1]},
{"frame":33,"values":[0.999,0.0458,0,0,0,0,1,0,-0.0458,0.999,0,0,309.3727,70.3416,0,1]},
{"frame":34,"values":[0.9986,0.0521,0,0,0,0,1,0,-0.0521,0.9986,0,0,309.3727,68.9531,0,1]},
{"frame":35,"values":[0.9983,0.0584,0,0,0,0,1,0,-0.0584,0.9983,0,0,309.3727,67.5646,0,1]},
{"frame":36,"values":[0.9979,0.0647,0,0,0,0,1,0,-0.0647,0.9979,0,0,309.3727,66.1761,0,1]},
{"frame":37,"values":[0.9975,0.071,0,0,0,0,1,0,-0.071,0.9975,0,0,309.3727,64.7876,0,1]},
{"frame":38,"values":[0.997,0.0773,0,0,0,0,1,0,-0.0773,0.997,0,0,309.3727,63.3992,0,1]},
{"frame":39,"values":[0.9965,0.0836,0,0,0,0,1,0,-0.0836,0.9965,0,0,309.3727,62.0107,0,1]},
{"frame":40,"values":[0.996,0.0899,0,0,0,0,1,0,-0.0899,0.996,0,0,309.3727,60.6222,0,1]},
{"frame":41,"values":[0.9954,0.0962,0,0,0,0,1,0,-0.0962,0.9954,0,0,309.3727,59.2337,0,1]},
{"frame":42,"values":[0.9947,0.1025,0,0,0,0,1,0,-0.1025,0.9947,0,0,309.3727,57.8452,0,1]},
{"frame":43,"values":[0.9941,0.1087,0,0,0,0,1,0,-0.1087,0.9941,0,0,309.3727,56.4568,0,1]},
{"frame":44,"values":[0.9934,0.115,0,0,0,0,1,0,-0.115,0.9934,0,0,309.3727,55.0683,0,1]},
{"frame":45,"values":[0.9926,0.1213,0,0,0,0,1,0,-0.1213,0.9926,0,0,309.3727,53.6798,0,1]},
{"frame":46,"values":[0.9918,0.1275,0,0,0,0,1,0,-0.1275,0.9918,0,0,309.3727,52.2913,0,1]},
{"frame":47,"values":[0.9926,0.1213,0,0,0,0,1,0,-0.1213,0.9926,0,0,309.3727,50.9028,0,1]},
{"frame":48,"values":[0.9934,0.115,0,0,0,0,1,0,-0.115,0.9934,0,0,309.3727,49.5143,0,1]},
{"frame":49,"values":[0.9941,0.1087,0,0,0,0,1,0,-0.1087,0.9941,0,0,309.3727,48.1259,0,1]},
{"frame":50,"values":[0.9947,0.1025,0,0,0,0,1,0,-0.1025,0.9947,0,0,309.3727,46.7374,0,1]},
{"frame":51,"values":[0.9954,0.0962,0,0,0,0,1,0,-0.0962,0.9954,0,0,309.3727,45.3489,0,1]},
{"frame":52,"values":[0.996,0.0899,0,0,0,0,1,0,-0.0899,0.996,0,0,309.3727,43.9604,0,1]},
{"frame":53,"values":[0.9965,0.0836,0,0,0,0,1,0,-0.0836,0.9965,0,0,309.3727,42.5719,0,1]},
{"frame":54,"values":[0.997,0.0773,0,0,0,0,1,0,-0.0773,0.997,0,0,309.3727,41.1835,0,1]},
{"frame":55,"values":[0.9975,0.071,0,0,0,0,1,0,-0.071,0.9975,0,0,309.3727,39.795,0,1]},
{"frame":56,"values":[0.9979,0.0647,0,0,0,0,1,0,-0.0647,0.9979,0,0,309.3727,38.4065,0,1]},
{"frame":57,"values":[0.9983,0.0584,0,0,0,0,1,0,-0.0584,0.9983,0,0,309.3727,37.018,0,1]},
{"frame":58,"values":[0.9986,0.0521,0,0,0,0,1,0,-0.0521,0.9986,0,0,309.3727,35.6295,0,1]},
{"frame":59,"values":[0.999,0.0458,0,0,0,0,1,0,-0.0458,0.999,0,0,309.3727,34.2411,0,1]},
{"frame":60,"values":[0.9992,0.0395,0,0,0,0,1,0,-0.0395,0.9992,0,0,309.3727,32.8526,0,1]},
{"frame":-18,"values":[1,0,0,0,0,0,1,0,0,1,0,0,309.3727,71.73,0,1]},
{"frame":-17,"values":[1,0,0,0,0,0,1,0,0,1,0,0,309.3727,70.5592,0,1]},
{"frame":-16,"values":[1,0,0,0,0,0,1,0,0,1,0,0,309.3727,69.3884,0,1]},
{"frame":-15,"values":[1,0,0,0,0,0,1,0,0,1,0,0,309.3727,68.2176,0,1]},
{"frame":-14,"values":[1,0,0,0,0,0,1,0,0,1,0,0,309.3727,67.0468,0,1]},
{"frame":-13,"values":[1,0,0,0,0,0,1,0,0,1,0,0,309.3727,65.876,0,1]},
{"frame":-12,"values":[1,0,0,0,0,0,1,0,0,1,0,0,309.3727,64.7052,0,1]},
{"frame":-11,"values":[1,0,0,0,0,0,1,0,0,1,0,0,309.3727,63.5344,0,1]},
{"frame":-10,"values":[1,0,0,0,0,0,1,0,0,1,0,0,309.3727,62.3636,0,1]},
{"frame":-9,"values":[1,0,0,0,0,0,1,0,0,1,0,0,309.3727,61.1928,0,1]},
{"frame":-8,"values":[1,0,0,0,0,0,1,0,0,1,0,0,309.3727,60.022,0,1]},
{"frame":-7,"values":[1,0,0,0,0,0,1,0,0,1,0,0,309.3727,58.8512,0,1]},
{"frame":-6,"values":[1,0,0,0,0,0,1,0,0,1,0,0,309.3727,57.6804,0,1]},
{"frame":-5,"values":[1,0,0,0,0,0,1,0,0,1,0,0,309.3727,56.5096,0,1]},
{"frame":-4,"values":[1,0,0,0,0,0,1,0,0,1,0,0,309.3727,55.3388,0,1]},
{"frame":-3,"values":[1,0,0,0,0,0,1,0,0,1,0,0,309.3727,54.168,0,1]},
{"frame":-2,"values":[1,0,0,0,0,0,1,0,0,1,0,0,309.3727,52.9972,0,1]},
{"frame":-1,"values":[1,0,0,0,0,0,1,0,0,1,0,0,309.3727,51.8264,0,1]},
{"frame":0,"values":[1,0,0,0,0,0,1,0,0,1,0,0,309.3727,50.6555,0,1]},
{"frame":1,"values":[1,0,0,0,0,0,1,0,0,1,0,0,309.3727,49.4847,0,1]},
{"frame":2,"values":[1,0,0,0,0,0,1,0,0,1,0,0,309.3727,48.3139,0,1]},
{"frame":3,"values":[1,0,0,0,0,0,1,0,0,1,0,0,309.3727,47.1431,0,1]},
{"frame":4,"values":[1,0,0,0,0,0,1,0,0,1,0,0,309.3727,45.9723,0,1]},
{"frame":5,"values":[1,0,0,0,0,0,1,0,0,1,0,0,309.3727,44.8015,0,1]},
{"frame":6,"values":[1,0,0,0,0,0,1,0,0,1,0,0,309.3727,43.6307,0,1]},
{"frame":7,"values":[1,0,0,0,0,0,1,0,0,1,0,0,309.3727,42.4599,0,1]},
{"frame":8,"values":[1,0,0,0,0,0,1,0,0,1,0,0,309.3727,41.2891,0,1]},
{"frame":9,"values":[1,0,0,0,0,0,1,0,0,1,0,0,309.3727,40.1183,0,1]},
{"frame":10,"values":[1,0,0,0,0,0,1,0,0,1,0,0,309.3727,38.9475,0,1]},
{"frame":11,"values":[1,0,0,0,0,0,1,0,0,1,0,0,309.3727,37.7767,0,1]},
{"frame":12,"values":[1,0.0011,0,0,0,0,1,0,-0.0011,1,0,0,309.3727,36.6059,0,1]},
{"frame":13,"values":[1,0.0022,0,0,0,0,1,0,-0.0022,1,0,0,309.3727,37.2993,0,1]},
{"frame":14,"values":[1,0.0033,0,0,0,0,1,0,-0.0033,1,0,0,309.3727,37.9926,0,1]},
{"frame":15,"values":[1,0.0044,0,0,0,0,1,0,-0.0044,1,0,0,309.3727,38.686,0,1]},
{"frame":16,"values":[1,0.0055,0,0,0,0,1,0,-0.0055,1,0,0,309.3727,39.3794,0,1]},
{"frame":17,"values":[1,0.0066,0,0,0,0,1,0,-0.0066,1,0,0,309.3727,40.0728,0,1]},
{"frame":18,"values":[1,0.0077,0,0,0,0,1,0,-0.0077,1,0,0,309.3727,40.7661,0,1]},
{"frame":19,"values":[1,0.0088,0,0,0,0,1,0,-0.0088,1,0,0,309.3727,41.4595,0,1]},
{"frame":20,"values":[1,0.01,0,0,0,0,1,0,-0.01,1,0,0,309.3727,42.1529,0,1]},
{"frame":21,"values":[0.9999,0.0111,0,0,0,0,1,0,-0.0111,0.9999,0,0,309.3727,42.8463,0,1]},
{"frame":22,"values":[0.9999,0.0122,0,0,0,0,1,0,-0.0122,0.9999,0,0,309.3727,43.5396,0,1]},
{"frame":23,"values":[0.9999,0.0133,0,0,0,0,1,0,-0.0133,0.9999,0,0,309.3727,44.233,0,1]},
{"frame":24,"values":[0.9999,0.0144,0,0,0,0,1,0,-0.0144,0.9999,0,0,309.3727,44.9264,0,1]},
{"frame":25,"values":[0.9999,0.0155,0,0,0,0,1,0,-0.0155,0.9999,0,0,309.3727,45.6198,0,1]},
{"frame":26,"values":[0.9999,0.0166,0,0,0,0,1,0,-0.0166,0.9999,0,0,309.3727,46.3132,0,1]},
{"frame":27,"values":[0.9998,0.0177,0,0,0,0,1,0,-0.0177,0.9998,0,0,309.3727,47.0065,0,1]},
{"frame":28,"values":[0.9998,0.0188,0,0,0,0,1,0,-0.0188,0.9998,0,0,309.3727,47.6999,0,1]},
{"frame":29,"values":[0.9998,0.0199,0,0,0,0,1,0,-0.0199,0.9998,0,0,309.3727,48.3933,0,1]},
{"frame":30,"values":[0.9998,0.021,0,0,0,0,1,0,-0.021,0.9998,0,0,309.3727,49.0867,0,1]},
{"frame":31,"values":[0.9998,0.0221,0,0,0,0,1,0,-0.0221,0.9998,0,0,309.3727,49.78,0,1]},
{"frame":32,"values":[0.9997,0.0232,0,0,0,0,1,0,-0.0232,0.9997,0,0,309.3727,50.4734,0,1]},
{"frame":33,"values":[0.9997,0.0243,0,0,0,0,1,0,-0.0243,0.9997,0,0,309.3727,51.1668,0,1]},
{"frame":34,"values":[0.9997,0.0254,0,0,0,0,1,0,-0.0254,0.9997,0,0,309.3727,53.4516,0,1]},
{"frame":35,"values":[0.9996,0.0265,0,0,0,0,1,0,-0.0265,0.9996,0,0,309.3727,55.7364,0,1]},
{"frame":36,"values":[0.9996,0.0276,0,0,0,0,1,0,-0.0276,0.9996,0,0,309.3727,58.0212,0,1]},
{"frame":37,"values":[0.9996,0.0287,0,0,0,0,1,0,-0.0287,0.9996,0,0,309.3727,60.306,0,1]},
{"frame":38,"values":[0.9996,0.0299,0,0,0,0,1,0,-0.0299,0.9996,0,0,309.3727,62.5908,0,1]},
{"frame":39,"values":[0.9995,0.031,0,0,0,0,1,0,-0.031,0.9995,0,0,309.3727,64.8756,0,1]},
{"frame":40,"values":[0.9995,0.0321,0,0,0,0,1,0,-0.0321,0.9995,0,0,309.3727,67.1604,0,1]},
{"frame":41,"values":[0.9994,0.0332,0,0,0,0,1,0,-0.0332,0.9994,0,0,309.3727,69.4452,0,1]},
{"frame":42,"values":[0.9992,0.0395,0,0,0,0,1,0,-0.0395,0.9992,0,0,309.3727,71.73,0,1]},
{"frame":43,"values":[0.999,0.0458,0,0,0,0,1,0,-0.0458,0.999,0,0,309.3727,70.4037,0,1]},
{"frame":44,"values":[0.9986,0.0521,0,0,0,0,1,0,-0.0521,0.9986,0,0,309.3727,69.0775,0,1]},
{"frame":45,"values":[0.9983,0.0584,0,0,0,0,1,0,-0.0584,0.9983,0,0,309.3727,67.7512,0,1]},
{"frame":46,"values":[0.9979,0.0647,0,0,0,0,1,0,-0.0647,0.9979,0,0,309.3727,66.4249,0,1]},
{"frame":47,"values":[0.9975,0.071,0,0,0,0,1,0,-0.071,0.9975,0,0,309.3727,65.0986,0,1]},
{"frame":48,"values":[0.997,0.0773,0,0,0,0,1,0,-0.0773,0.997,0,0,309.3727,63.7723,0,1]},
{"frame":49,"values":[0.9965,0.0836,0,0,0,0,1,0,-0.0836,0.9965,0,0,309.3727,62.446,0,1]},
{"frame":50,"values":[0.996,0.0899,0,0,0,0,1,0,-0.0899,0.996,0,0,309.3727,61.1197,0,1]},
{"frame":51,"values":[0.9954,0.0962,0,0,0,0,1,0,-0.0962,0.9954,0,0,309.3727,59.7935,0,1]},
{"frame":52,"values":[0.9947,0.1025,0,0,0,0,1,0,-0.1025,0.9947,0,0,309.3727,58.4672,0,1]},
{"frame":53,"values":[0.9941,0.1087,0,0,0,0,1,0,-0.1087,0.9941,0,0,309.3727,57.1409,0,1]},
{"frame":54,"values":[0.9934,0.115,0,0,0,0,1,0,-0.115,0.9934,0,0,309.3727,55.8146,0,1]},
{"frame":55,"values":[0.9926,0.1213,0,0,0,0,1,0,-0.1213,0.9926,0,0,309.3727,54.4883,0,1]},
{"frame":56,"values":[0.9918,0.1275,0,0,0,0,1,0,-0.1275,0.9918,0,0,309.3727,53.162,0,1]},
{"frame":57,"values":[0.9926,0.1213,0,0,0,0,1,0,-0.1213,0.9926,0,0,309.3727,51.8357,0,1]},
{"frame":58,"values":[0.9934,0.115,0,0,0,0,1,0,-0.115,0.9934,0,0,309.3727,50.5094,0,1]},
{"frame":59,"values":[0.9941,0.1087,0,0,0,0,1,0,-0.1087,0.9941,0,0,309.3727,49.1832,0,1]},
{"frame":60,"values":[0.9947,0.1025,0,0,0,0,1,0,-0.1025,0.9947,0,0,309.3727,47.8569,0,1]},
{"frame":61,"values":[0.9954,0.0962,0,0,0,0,1,0,-0.0962,0.9954,0,0,309.3727,46.5306,0,1]},
{"frame":62,"values":[0.996,0.0899,0,0,0,0,1,0,-0.0899,0.996,0,0,309.3727,45.2043,0,1]},
{"frame":63,"values":[0.9965,0.0836,0,0,0,0,1,0,-0.0836,0.9965,0,0,309.3727,43.878,0,1]},
{"frame":64,"values":[0.997,0.0773,0,0,0,0,1,0,-0.0773,0.997,0,0,309.3727,42.5517,0,1]},
{"frame":65,"values":[0.9975,0.071,0,0,0,0,1,0,-0.071,0.9975,0,0,309.3727,41.2254,0,1]},
{"frame":66,"values":[0.9979,0.0647,0,0,0,0,1,0,-0.0647,0.9979,0,0,309.3727,39.8991,0,1]},
{"frame":67,"values":[0.9983,0.0584,0,0,0,0,1,0,-0.0584,0.9983,0,0,309.3727,38.5728,0,1]},
{"frame":68,"values":[0.9986,0.0521,0,0,0,0,1,0,-0.0521,0.9986,0,0,309.3727,37.2466,0,1]},
{"frame":69,"values":[0.999,0.0458,0,0,0,0,1,0,-0.0458,0.999,0,0,309.3727,35.9203,0,1]},
{"frame":70,"values":[0.9992,0.0395,0,0,0,0,1,0,-0.0395,0.9992,0,0,309.3727,34.594,0,1]},
{"frame":71,"values":[0.9994,0.0332,0,0,0,0,1,0,-0.0332,0.9994,0,0,309.3727,33.2677,0,1]},
{"frame":72,"values":[0.9996,0.0283,0,0,0,0,1,0,-0.0283,0.9996,0,0,309.3727,31.9414,0,1]},
{"frame":73,"values":[0.9997,0.0235,0,0,0,0,1,0,-0.0235,0.9997,0,0,309.3727,33.2677,0,1]},
{"frame":74,"values":[0.9998,0.0187,0,0,0,0,1,0,-0.0187,0.9998,0,0,309.3727,34.594,0,1]},
{"frame":75,"values":[0.9999,0.0139,0,0,0,0,1,0,-0.0139,0.9999,0,0,309.3727,35.9203,0,1]},
{"frame":76,"values":[1,0.009,0,0,0,0,1,0,-0.009,1,0,0,309.3727,37.2466,0,1]},
{"frame":77,"values":[1,0.0042,0,0,0,0,1,0,-0.0042,1,0,0,309.3727,38.5728,0,1]},
{"frame":78,"values":[1,-0.0006,0,0,0,0,1,0,0.0006,1,0,0,309.3727,39.8991,0,1]},
{"frame":79,"values":[1,-0.0054,0,0,0,0,1,0,0.0054,1,0,0,309.3727,41.2254,0,1]},
{"frame":80,"values":[0.9999,-0.0103,0,0,0,0,1,0,0.0103,0.9999,0,0,309.3727,42.5517,0,1]},
{"frame":81,"values":[0.9999,-0.0151,0,0,0,0,1,0,0.0151,0.9999,0,0,309.3727,43.878,0,1]},
{"frame":82,"values":[0.9998,-0.0199,0,0,0,0,1,0,0.0199,0.9998,0,0,309.3727,45.2043,0,1]},
{"frame":83,"values":[0.9997,-0.0247,0,0,0,0,1,0,0.0247,0.9997,0,0,309.3727,46.5306,0,1]},
{"frame":84,"values":[0.9996,-0.0296,0,0,0,0,1,0,0.0296,0.9996,0,0,309.3727,47.8569,0,1]},
{"frame":85,"values":[0.9994,-0.0344,0,0,0,0,1,0,0.0344,0.9994,0,0,309.3727,49.1831,0,1]},
{"frame":86,"values":[0.9992,-0.0392,0,0,0,0,1,0,0.0392,0.9992,0,0,309.3727,50.5094,0,1]},
{"frame":87,"values":[0.9994,-0.0344,0,0,0,0,1,0,0.0344,0.9994,0,0,309.3727,51.8357,0,1]},
{"frame":88,"values":[0.9996,-0.0296,0,0,0,0,1,0,0.0296,0.9996,0,0,309.3727,53.162,0,1]},
{"frame":89,"values":[0.9997,-0.0247,0,0,0,0,1,0,0.0247,0.9997,0,0,309.3727,54.4883,0,1]},
{"frame":90,"values":[0.9998,-0.0199,0,0,0,0,1,0,0.0199,0.9998,0,0,309.3727,55.8146,0,1]},
{"frame":91,"values":[0.9999,-0.0151,0,0,0,0,1,0,0.0151,0.9999,0,0,309.3727,57.1409,0,1]},
{"frame":92,"values":[0.9999,-0.0103,0,0,0,0,1,0,0.0103,0.9999,0,0,309.3727,58.4672,0,1]},
{"frame":93,"values":[1,-0.0054,0,0,0,0,1,0,0.0054,1,0,0,309.3727,59.7935,0,1]},
{"frame":94,"values":[1,-0.0006,0,0,0,0,1,0,0.0006,1,0,0,309.3727,61.1197,0,1]},
{"frame":95,"values":[1,0.0042,0,0,0,0,1,0,-0.0042,1,0,0,309.3727,62.446,0,1]},
{"frame":96,"values":[1,0.009,0,0,0,0,1,0,-0.009,1,0,0,309.3727,63.7723,0,1]},
{"frame":97,"values":[0.9999,0.0139,0,0,0,0,1,0,-0.0139,0.9999,0,0,309.3727,65.0986,0,1]},
{"frame":98,"values":[0.9998,0.0187,0,0,0,0,1,0,-0.0187,0.9998,0,0,309.3727,66.4249,0,1]},
{"frame":99,"values":[0.9997,0.0235,0,0,0,0,1,0,-0.0235,0.9997,0,0,309.3727,67.7512,0,1]},
{"frame":100,"values":[0.9996,0.0283,0,0,0,0,1,0,-0.0283,0.9996,0,0,309.3727,69.0775,0,1]},
{"frame":101,"values":[0.9994,0.0332,0,0,0,0,1,0,-0.0332,0.9994,0,0,309.3727,70.4037,0,1]},
{"frame":102,"values":[0.9992,0.0395,0,0,0,0,1,0,-0.0395,0.9992,0,0,309.3727,71.73,0,1]},
{"frame":103,"values":[0.999,0.0458,0,0,0,0,1,0,-0.0458,0.999,0,0,309.3727,70.3416,0,1]},
{"frame":104,"values":[0.9986,0.0521,0,0,0,0,1,0,-0.0521,0.9986,0,0,309.3727,68.9531,0,1]},
{"frame":105,"values":[0.9983,0.0584,0,0,0,0,1,0,-0.0584,0.9983,0,0,309.3727,67.5646,0,1]},
{"frame":106,"values":[0.9979,0.0647,0,0,0,0,1,0,-0.0647,0.9979,0,0,309.3727,66.1761,0,1]},
{"frame":107,"values":[0.9975,0.071,0,0,0,0,1,0,-0.071,0.9975,0,0,309.3727,64.7876,0,1]},
{"frame":108,"values":[0.997,0.0773,0,0,0,0,1,0,-0.0773,0.997,0,0,309.3727,63.3992,0,1]},
{"frame":109,"values":[0.9965,0.0836,0,0,0,0,1,0,-0.0836,0.9965,0,0,309.3727,62.0107,0,1]},
{"frame":110,"values":[0.996,0.0899,0,0,0,0,1,0,-0.0899,0.996,0,0,309.3727,60.6222,0,1]},
{"frame":111,"values":[0.9954,0.0962,0,0,0,0,1,0,-0.0962,0.9954,0,0,309.3727,59.2337,0,1]},
{"frame":112,"values":[0.9947,0.1025,0,0,0,0,1,0,-0.1025,0.9947,0,0,309.3727,57.8452,0,1]},
{"frame":113,"values":[0.9941,0.1087,0,0,0,0,1,0,-0.1087,0.9941,0,0,309.3727,56.4568,0,1]},
{"frame":114,"values":[0.9934,0.115,0,0,0,0,1,0,-0.115,0.9934,0,0,309.3727,55.0683,0,1]},
{"frame":115,"values":[0.9926,0.1213,0,0,0,0,1,0,-0.1213,0.9926,0,0,309.3727,53.6798,0,1]},
{"frame":116,"values":[0.9918,0.1275,0,0,0,0,1,0,-0.1275,0.9918,0,0,309.3727,52.2913,0,1]},
{"frame":117,"values":[0.9926,0.1213,0,0,0,0,1,0,-0.1213,0.9926,0,0,309.3727,50.9028,0,1]},
{"frame":118,"values":[0.9934,0.115,0,0,0,0,1,0,-0.115,0.9934,0,0,309.3727,49.5143,0,1]},
{"frame":119,"values":[0.9941,0.1087,0,0,0,0,1,0,-0.1087,0.9941,0,0,309.3727,48.1259,0,1]},
{"frame":120,"values":[0.9947,0.1025,0,0,0,0,1,0,-0.1025,0.9947,0,0,309.3727,46.7374,0,1]},
{"frame":121,"values":[0.9954,0.0962,0,0,0,0,1,0,-0.0962,0.9954,0,0,309.3727,45.3489,0,1]},
{"frame":122,"values":[0.996,0.0899,0,0,0,0,1,0,-0.0899,0.996,0,0,309.3727,43.9604,0,1]},
{"frame":123,"values":[0.9965,0.0836,0,0,0,0,1,0,-0.0836,0.9965,0,0,309.3727,42.5719,0,1]},
{"frame":124,"values":[0.997,0.0773,0,0,0,0,1,0,-0.0773,0.997,0,0,309.3727,41.1835,0,1]},
{"frame":125,"values":[0.9975,0.071,0,0,0,0,1,0,-0.071,0.9975,0,0,309.3727,39.795,0,1]},
{"frame":126,"values":[0.9979,0.0647,0,0,0,0,1,0,-0.0647,0.9979,0,0,309.3727,38.4065,0,1]},
{"frame":127,"values":[0.9983,0.0584,0,0,0,0,1,0,-0.0584,0.9983,0,0,309.3727,37.018,0,1]},
{"frame":128,"values":[0.9986,0.0521,0,0,0,0,1,0,-0.0521,0.9986,0,0,309.3727,35.6295,0,1]},
{"frame":129,"values":[0.999,0.0458,0,0,0,0,1,0,-0.0458,0.999,0,0,309.3727,34.2411,0,1]},
{"frame":130,"values":[0.9992,0.0395,0,0,0,0,1,0,-0.0395,0.9992,0,0,309.3727,32.8526,0,1]},
{"frame":131,"values":[0.9994,0.0332,0,0,0,0,1,0,-0.0332,0.9994,0,0,309.3727,31.4641,0,1]},
{"frame":132,"values":[0.9996,0.0283,0,0,0,0,1,0,-0.0283,0.9996,0,0,309.3727,30.0756,0,1]},
{"frame":133,"values":[0.9997,0.0235,0,0,0,0,1,0,-0.0235,0.9997,0,0,309.3727,30.7699,0,1]},
{"frame":134,"values":[0.9998,0.0187,0,0,0,0,1,0,-0.0187,0.9998,0,0,309.3727,31.4641,0,1]},
{"frame":135,"values":[0.9999,0.0139,0,0,0,0,1,0,-0.0139,0.9999,0,0,309.3727,32.1583,0,1]},
{"frame":136,"values":[1,0.009,0,0,0,0,1,0,-0.009,1,0,0,309.3727,32.8526,0,1]},
{"frame":137,"values":[1,0.0042,0,0,0,0,1,0,-0.0042,1,0,0,309.3727,33.5468,0,1]},
{"frame":138,"values":[1,-0.0006,0,0,0,0,1,0,0.0006,1,0,0,309.3727,34.2411,0,1]},
{"frame":139,"values":[1,-0.0054,0,0,0,0,1,0,0.0054,1,0,0,309.3727,34.9353,0,1]},
{"frame":140,"values":[0.9999,-0.0103,0,0,0,0,1,0,0.0103,0.9999,0,0,309.3727,35.6295,0,1]},
{"frame":141,"values":[0.9999,-0.0151,0,0,0,0,1,0,0.0151,0.9999,0,0,309.3727,36.3238,0,1]},
{"frame":142,"values":[0.9998,-0.0199,0,0,0,0,1,0,0.0199,0.9998,0,0,309.3727,37.018,0,1]},
{"frame":143,"values":[0.9997,-0.0247,0,0,0,0,1,0,0.0247,0.9997,0,0,309.3727,37.7123,0,1]},
{"frame":144,"values":[0.9996,-0.0296,0,0,0,0,1,0,0.0296,0.9996,0,0,309.3727,38.4065,0,1]},
{"frame":145,"values":[0.9994,-0.0344,0,0,0,0,1,0,0.0344,0.9994,0,0,309.3727,39.1007,0,1]},
{"frame":146,"values":[0.9992,-0.0392,0,0,0,0,1,0,0.0392,0.9992,0,0,309.3727,39.795,0,1]},
{"frame":147,"values":[0.9994,-0.0344,0,0,0,0,1,0,0.0344,0.9994,0,0,309.3727,40.4892,0,1]},
{"frame":148,"values":[0.9996,-0.0296,0,0,0,0,1,0,0.0296,0.9996,0,0,309.3727,41.1835,0,1]},
{"frame":149,"values":[0.9997,-0.0247,0,0,0,0,1,0,0.0247,0.9997,0,0,309.3727,41.8777,0,1]},
{"frame":150,"values":[0.9998,-0.0199,0,0,0,0,1,0,0.0199,0.9998,0,0,309.3727,42.572,0,1]},
{"frame":151,"values":[0.9999,-0.0151,0,0,0,0,1,0,0.0151,0.9999,0,0,309.3727,43.2662,0,1]},
{"frame":152,"values":[0.9999,-0.0103,0,0,0,0,1,0,0.0103,0.9999,0,0,309.3727,43.9604,0,1]},
{"frame":153,"values":[1,-0.0054,0,0,0,0,1,0,0.0054,1,0,0,309.3727,44.6547,0,1]},
{"frame":154,"values":[1,-0.0006,0,0,0,0,1,0,0.0006,1,0,0,309.3727,45.3489,0,1]},
{"frame":155,"values":[1,0.0042,0,0,0,0,1,0,-0.0042,1,0,0,309.3727,46.0432,0,1]},
{"frame":156,"values":[1,0.009,0,0,0,0,1,0,-0.009,1,0,0,309.3727,46.7374,0,1]},
{"frame":157,"values":[0.9999,0.0139,0,0,0,0,1,0,-0.0139,0.9999,0,0,309.3727,47.4316,0,1]},
{"frame":158,"values":[0.9998,0.0187,0,0,0,0,1,0,-0.0187,0.9998,0,0,309.3727,48.1259,0,1]},
{"frame":159,"values":[0.9997,0.0235,0,0,0,0,1,0,-0.0235,0.9997,0,0,309.3727,48.8201,0,1]},
{"frame":160,"values":[0.9996,0.0283,0,0,0,0,1,0,-0.0283,0.9996,0,0,309.3727,49.5143,0,1]},
{"frame":161,"values":[0.9994,0.0332,0,0,0,0,1,0,-0.0332,0.9994,0,0,309.3727,50.2086,0,1]},
{"frame":162,"values":[0.9994,0.0332,0,0,0,-0.0012,1,0,-0.0332,0.9994,0.0012,0,309.3727,50.9028,0,1]},
{"frame":163,"values":[0.9995,0.0332,0.0001,0,0,-0.0025,1,0,-0.0332,0.9994,0.0025,0,309.3727,51.5971,0,1]},
{"frame":164,"values":[0.9995,0.0332,0.0001,0,0,-0.0037,1,0,-0.0332,0.9994,0.0037,0,309.3727,52.2913,0,1]},
{"frame":165,"values":[0.9995,0.0332,0.0002,0,0,-0.0049,1,0,-0.0332,0.9994,0.0049,0,309.3727,52.9855,0,1]},
{"frame":166,"values":[0.9995,0.0332,0.0002,0,0,-0.0062,1,0,-0.0332,0.9994,0.0062,0,309.3727,53.6798,0,1]},
{"frame":167,"values":[0.9995,0.0332,0.0002,0,0,-0.0074,1,0,-0.0332,0.9994,0.0074,0,309.3727,54.374,0,1]},
{"frame":168,"values":[0.9995,0.0332,0.0003,0,0,-0.0087,1,0,-0.0332,0.9994,0.0087,0,309.3727,55.0683,0,1]},
{"frame":169,"values":[0.9995,0.0332,0.0003,0,0,-0.0099,1,0,-0.0332,0.9994,0.0099,0,309.3727,55.7625,0,1]},
{"frame":170,"values":[0.9995,0.0332,0.0004,0,0,-0.0111,0.9999,0,-0.0332,0.9994,0.0111,0,309.3727,56.4568,0,1]},
{"frame":171,"values":[0.9995,0.0332,0.0004,0,0,-0.0124,0.9999,0,-0.0332,0.9994,0.0124,0,309.3727,57.151,0,1]},
{"frame":172,"values":[0.9995,0.0332,0.0005,0,0,-0.0136,0.9999,0,-0.0332,0.9994,0.0136,0,309.3727,57.8452,0,1]},
{"frame":173,"values":[0.9995,0.0332,0.0005,0,0,-0.0148,0.9999,0,-0.0332,0.9993,0.0148,0,309.3727,58.5395,0,1]},
{"frame":174,"values":[0.9995,0.0332,0.0005,0,0,-0.0161,0.9999,0,-0.0332,0.9993,0.0161,0,309.3727,59.2337,0,1]},
{"frame":175,"values":[0.9995,0.0332,0.0006,0,0,-0.0173,0.9999,0,-0.0332,0.9993,0.0173,0,309.3727,59.9279,0,1]},
{"frame":176,"values":[0.9995,0.0332,0.0006,0,0,-0.0185,0.9998,0,-0.0332,0.9993,0.0185,0,309.3727,60.6222,0,1]},
{"frame":177,"values":[0.9995,0.0331,0.0007,0,0,-0.0198,0.9998,0,-0.0332,0.9993,0.0198,0,309.3727,61.3164,0,1]},
{"frame":178,"values":[0.9995,0.0331,0.0007,0,0,-0.021,0.9998,0,-0.0332,0.9992,0.021,0,309.3727,62.0107,0,1]},
{"frame":179,"values":[0.9995,0.0331,0.0007,0,0,-0.0223,0.9998,0,-0.0332,0.9992,0.0222,0,309.3727,62.7049,0,1]},
{"frame":180,"values":[0.9995,0.0331,0.0008,0,0,-0.0235,0.9997,0,-0.0332,0.9992,0.0235,0,309.3727,63.3992,0,1]},
{"frame":181,"values":[0.9995,0.0331,0.0008,0,0,-0.0247,0.9997,0,-0.0332,0.9991,0.0247,0,309.3727,64.0934,0,1]},
{"frame":182,"values":[0.9995,0.0331,0.0009,0,0,-0.026,0.9997,0,-0.0332,0.9991,0.026,0,309.3727,64.7876,0,1]},
{"frame":183,"values":[0.9995,0.0331,0.0009,0,0,-0.0272,0.9996,0,-0.0332,0.9991,0.0272,0,309.3727,65.4819,0,1]},
{"frame":184,"values":[0.9995,0.0331,0.0009,0,0,-0.0284,0.9996,0,-0.0332,0.999,0.0284,0,309.3727,66.1761,0,1]},
{"frame":185,"values":[0.9995,0.0331,0.001,0,0,-0.0297,0.9996,0,-0.0332,0.999,0.0297,0,309.3727,66.8703,0,1]},
{"frame":186,"values":[0.9995,0.0331,0.001,0,0,-0.0309,0.9995,0,-0.0332,0.999,0.0309,0,309.3727,67.5646,0,1]},
{"frame":187,"values":[0.9995,0.0331,0.0011,0,0,-0.0321,0.9995,0,-0.0331,0.9989,0.0321,0,309.3727,68.2588,0,1]},
{"frame":188,"values":[0.9995,0.0331,0.0011,0,0,-0.0334,0.9994,0,-0.0331,0.9989,0.0334,0,309.3727,68.9531,0,1]},
{"frame":189,"values":[0.9995,0.0331,0.0011,0,0,-0.0346,0.9994,0,-0.0331,0.9989,0.0346,0,309.3727,69.6473,0,1]},
{"frame":190,"values":[0.9995,0.0331,0.0012,0,0,-0.0359,0.9994,0,-0.0331,0.9988,0.0358,0,309.3727,70.3416,0,1]},
{"frame":191,"values":[0.9995,0.0331,0.0012,0,0,-0.0371,0.9993,0,-0.0331,0.9988,0.0371,0,309.3727,71.0358,0,1]},
{"frame":192,"values":[0.9995,0.0331,0.0013,0,0,-0.0383,0.9993,0,-0.0331,0.9987,0.0383,0,309.3727,71.73,0,1]},
{"frame":193,"values":[0.9995,0.0331,0.0013,0,0,-0.0396,0.9992,0,-0.0331,0.9987,0.0395,0,309.3727,119.3601,0,1]},
{"frame":194,"values":[0.9995,0.0331,0.0014,0,0,-0.0408,0.9992,0,-0.0331,0.9986,0.0408,0,309.3727,166.9901,0,1]},
{"frame":195,"values":[0.9995,0.0331,0.0014,0,0,-0.042,0.9991,0,-0.0331,0.9986,0.042,0,309.3727,165.2877,0,1]},
{"frame":196,"values":[0.9995,0.0331,0.0014,0,0,-0.0433,0.9991,0,-0.0331,0.9985,0.0432,0,309.3727,163.5851,0,1]},
{"frame":197,"values":[0.9995,0.0331,0.0015,0,0,-0.0445,0.999,0,-0.0331,0.9985,0.0445,0,309.3727,161.8826,0,1]},
{"frame":198,"values":[0.9995,0.0331,0.0015,0,0,-0.0457,0.999,0,-0.0331,0.9984,0.0457,0,309.3727,160.1801,0,1]},
{"frame":199,"values":[0.9995,0.0331,0.0016,0,0,-0.047,0.9989,0,-0.0331,0.9983,0.0469,0,309.3727,151.3351,0,1]},
{"frame":200,"values":[0.9995,0.0331,0.0016,0,0,-0.0482,0.9988,0,-0.0331,0.9983,0.0482,0,309.3727,142.4901,0,1]},
{"frame":201,"values":[0.9995,0.0331,0.0016,0,0,-0.0494,0.9988,0,-0.0331,0.9982,0.0494,0,309.3727,133.6451,0,1]},
{"frame":202,"values":[0.9995,0.0331,0.0017,0,0,-0.0507,0.9987,0,-0.0332,0.9982,0.0507,0,309.3727,124.8001,0,1]},
{"frame":203,"values":[0.9995,0.0331,0.0017,0,0,-0.0519,0.9987,0,-0.0332,0.9981,0.0519,0,309.3727,115.9551,0,1]},
{"frame":204,"values":[0.9995,0.0331,0.0018,0,0,-0.0531,0.9986,0,-0.0332,0.998,0.0531,0,309.3727,107.1101,0,1]},
{"frame":205,"values":[0.9995,0.0331,0.0018,0,0,-0.0544,0.9985,0,-0.0332,0.998,0.0544,0,309.3727,98.2651,0,1]},
{"frame":206,"values":[0.9995,0.0331,0.0018,0,0,-0.0556,0.9985,0,-0.0332,0.9979,0.0556,0,309.3727,89.4201,0,1]},
{"frame":207,"values":[0.9995,0.0331,0.0019,0,0,-0.0569,0.9984,0,-0.0332,0.9978,0.0568,0,309.3727,80.575,0,1]},
{"frame":208,"values":[0.9995,0.0331,0.0019,0,0,-0.0581,0.9983,0,-0.0332,0.9978,0.0581,0,309.3727,71.73,0,1]},
{"frame":209,"values":[0.9995,0.0331,0.002,0,0,-0.0593,0.9982,0,-0.0332,0.9977,0.0593,0,309.3727,119.3601,0,1]},
{"frame":210,"values":[0.9995,0.0331,0.002,0,0,-0.0606,0.9982,0,-0.0332,0.9976,0.0605,0,309.3727,166.9901,0,1]},
{"frame":211,"values":[0.9995,0.0331,0.002,0,0,-0.0618,0.9981,0,-0.0332,0.9975,0.0618,0,309.3727,165.2877,0,1]},
{"frame":212,"values":[0.9995,0.0331,0.0021,0,0,-0.063,0.998,0,-0.0332,0.9975,0.063,0,309.3727,163.5851,0,1]},
{"frame":213,"values":[0.9995,0.0331,0.0021,0,0,-0.0643,0.9979,0,-0.0332,0.9974,0.0642,0,309.3727,161.8826,0,1]},
{"frame":214,"values":[0.9995,0.0331,0.0022,0,0,-0.0655,0.9979,0,-0.0332,0.9973,0.0655,0,309.3727,160.1801,0,1]},
{"frame":215,"values":[0.9995,0.0331,0.0022,0,0,-0.0667,0.9978,0,-0.0332,0.9972,0.0667,0,309.3727,155.2663,0,1]},
{"frame":216,"values":[0.9994,0.0331,0.0023,0,0,-0.068,0.9977,0,-0.0332,0.9971,0.0679,0,309.3727,150.3524,0,1]},
{"frame":217,"values":[0.9994,0.0331,0.0018,0,0,-0.0544,0.9985,0,-0.0332,0.998,0.0544,0,309.3727,145.4385,0,1]},
{"frame":218,"values":[0.9994,0.0331,0.0014,0,0,-0.0408,0.9992,0,-0.0332,0.9986,0.0408,0,309.3727,140.5246,0,1]},
{"frame":219,"values":[0.9995,0.0332,0.0009,0,0,-0.0272,0.9996,0,-0.0332,0.9991,0.0272,0,309.3727,135.6107,0,1]},
{"frame":220,"values":[0.9994,0.0332,0.0005,0,0,-0.0136,0.9999,0,-0.0332,0.9994,0.0136,0,309.3727,130.6968,0,1]},
{"frame":221,"values":[0.9994,0.0332,0,0,0,0,1,0,-0.0332,0.9994,0,0,309.3727,125.7829,0,1]},
{"frame":222,"values":[0.9994,0.0329,-0.004,0,0,0.1219,0.9925,0,-0.0332,0.992,-0.1218,0,309.3727,120.869,48.2234,1]},
{"frame":223,"values":[0.9994,0.0322,-0.008,0,0,0.2419,0.9703,0,-0.0332,0.9698,-0.2418,0,309.3727,115.9551,96.4467,1]},
{"frame":224,"values":[0.9995,0.0325,-0.0066,0,0,0.1977,0.9803,0,-0.0332,0.9797,-0.1976,0,309.3727,111.0412,97.7994,1]},
{"frame":225,"values":[0.9995,0.0328,-0.0051,0,0,0.1531,0.9882,0,-0.0331,0.9877,-0.153,0,309.3727,106.1273,99.152,1]},
{"frame":226,"values":[0.9995,0.0329,-0.0036,0,0,0.1081,0.9941,0,-0.0331,0.9936,-0.1081,0,309.3727,101.2134,100.5047,1]},
{"frame":227,"values":[0.9995,0.0331,-0.0021,0,0,0.063,0.998,0,-0.0331,0.9975,-0.063,0,309.3727,96.2995,101.8574,1]},
{"frame":228,"values":[0.9995,0.0331,-0.0012,0,0,0.0368,0.9993,0,-0.0331,0.9988,-0.0368,0,309.3727,91.3856,91.6716,1]},
{"frame":229,"values":[0.9995,0.0331,-0.0004,0,0,0.0106,0.9999,0,-0.0331,0.9994,-0.0106,0,309.3727,86.4717,81.4859,1]},
{"frame":230,"values":[0.9995,0.0331,0.0005,0,0,-0.0156,0.9999,0,-0.0331,0.9993,0.0156,0,309.3727,81.5578,71.3002,1]},
{"frame":231,"values":[0.9995,0.0331,0.0014,0,0,-0.0418,0.9991,0,-0.0332,0.9986,0.0418,0,309.3727,76.6439,61.1144,1]},
{"frame":232,"values":[0.9994,0.0331,0.0023,0,0,-0.068,0.9977,0,-0.0332,0.9971,0.0679,0,309.3727,71.73,50.9287,1]},
{"frame":233,"values":[0.9995,0.0331,0.0018,0,0,-0.0544,0.9985,0,-0.0332,0.998,0.0544,0,309.3727,206.0716,40.743,1]},
{"frame":234,"values":[0.9995,0.0331,0.0014,0,0,-0.0408,0.9992,0,-0.0332,0.9986,0.0408,0,309.3727,340.4132,30.5572,1]},
{"frame":235,"values":[0.9995,0.0331,0.0009,0,0,-0.0272,0.9996,0,-0.0332,0.9991,0.0272,0,309.3727,474.7548,20.3715,1]},
{"frame":236,"values":[0.9995,0.0332,0.0005,0,0,-0.0136,0.9999,0,-0.0332,0.9994,0.0136,0,309.3727,609.0964,10.1858,1]},
{"frame":237,"values":[0.9994,0.0332,0,0,0,0,1,0,-0.0332,0.9994,0,0,309.3727,621.4843,0,1]},
{"frame":238,"values":[0.9994,0.0329,-0.004,0,0,0.1219,0.9925,0,-0.0332,0.992,-0.1218,0,309.3727,633.8722,48.2234,1]},
{"frame":239,"values":[0.9994,0.0322,-0.008,0,0,0.2419,0.9703,0,-0.0332,0.9698,-0.2418,0,309.3727,646.2602,96.4467,1]},
{"frame":240,"values":[0.9995,0.0325,-0.0066,0,0,0.1977,0.9803,0,-0.0332,0.9797,-0.1976,0,309.3727,658.6481,97.7994,1]},
{"frame":241,"values":[0.9995,0.0328,-0.0051,0,0,0.1531,0.9882,0,-0.0331,0.9877,-0.153,0,309.3727,671.0361,99.1521,1]},
{"frame":242,"values":[0.9995,0.0329,-0.0036,0,0,0.1081,0.9941,0,-0.0331,0.9936,-0.1081,0,309.3727,683.424,100.5047,1]},
{"frame":243,"values":[0.9995,0.0331,-0.0021,0,0,0.063,0.998,0,-0.0331,0.9975,-0.063,0,309.3727,695.8119,101.8574,1]},
{"frame":244,"values":[0.9995,0.0331,-0.002,0,0,0.0595,0.9982,0,-0.0331,0.9977,-0.0595,0,309.3727,708.1998,96.1986,1]},
{"frame":245,"values":[0.9995,0.0331,-0.0019,0,0,0.056,0.9984,0,-0.0331,0.9979,-0.056,0,309.3727,628.157,90.5399,1]},
{"frame":246,"values":[0.9995,0.0331,-0.0017,0,0,0.0525,0.9986,0,-0.0331,0.9981,-0.0525,0,309.3727,548.1143,84.8812,1]},
{"frame":247,"values":[0.9995,0.0331,-0.0016,0,0,0.049,0.9988,0,-0.0331,0.9982,-0.049,0,309.3727,468.0715,79.2224,1]},
{"frame":248,"values":[0.9995,0.0331,-0.0015,0,0,0.0455,0.999,0,-0.0331,0.9984,-0.0455,0,309.3727,388.0288,73.5637,1]},
{"frame":249,"values":[0.9995,0.0331,-0.0014,0,0,0.042,0.9991,0,-0.0331,0.9986,-0.042,0,309.3727,307.9861,67.9049,1]},
{"frame":250,"values":[0.9995,0.0331,-0.0013,0,0,0.0385,0.9993,0,-0.0331,0.9987,-0.0385,0,309.3727,227.9433,62.2462,1]},
{"frame":251,"values":[0.9995,0.0331,-0.0012,0,0,0.035,0.9994,0,-0.0331,0.9988,-0.035,0,309.3727,147.9005,56.5874,1]},
{"frame":252,"values":[0.9995,0.0331,-0.001,0,0,0.0315,0.9995,0,-0.0331,0.999,-0.0315,0,309.3727,67.8578,50.9287,1]},
{"frame":253,"values":[0.9995,0.0331,-0.0009,0,0,0.028,0.9996,0,-0.0331,0.9991,-0.028,0,309.3727,92.338,45.2699,1]},
{"frame":254,"values":[0.9995,0.0331,-0.0008,0,0,0.0245,0.9997,0,-0.0331,0.9992,-0.0245,0,309.3727,116.8183,39.6112,1]},
{"frame":255,"values":[0.9995,0.0331,-0.0007,0,0,0.021,0.9998,0,-0.0331,0.9992,-0.021,0,309.3727,141.2986,33.9525,1]},
{"frame":256,"values":[0.9995,0.0331,-0.0006,0,0,0.0175,0.9998,0,-0.0331,0.9993,-0.0175,0,309.3727,165.7789,28.2937,1]},
{"frame":257,"values":[0.9995,0.0331,-0.0005,0,0,0.014,0.9999,0,-0.0331,0.9994,-0.014,0,309.3727,156.2213,22.635,1]},
{"frame":258,"values":[0.9995,0.0331,-0.0003,0,0,0.0105,0.9999,0,-0.0332,0.9994,-0.0105,0,309.3727,146.6638,16.9762,1]},
{"frame":259,"values":[0.9995,0.0332,-0.0002,0,0,0.007,1,0,-0.0332,0.9994,-0.007,0,309.3727,137.1062,11.3175,1]},
{"frame":260,"values":[0.9995,0.0332,-0.0001,0,0,0.0035,1,0,-0.0332,0.9994,-0.0035,0,309.3727,137.1062,5.6588,1]},
{"frame":261,"values":[0.9994,0.0332,0,0,0,0,1,0,-0.0332,0.9994,0,0,309.3727,137.1062,0,1]},
{"frame":262,"values":[0.9994,0.0332,0,0,0.0029,-0.0869,0.9962,0,-0.033,0.9957,0.0869,0,309.3727,137.1062,0,1]},
{"frame":263,"values":[0.9994,0.0332,0,0,0.0058,-0.1735,0.9848,0,-0.0327,0.9843,0.1736,0,309.3727,137.1062,0,1]},
{"frame":264,"values":[0.9994,0.0332,0,0,0.0086,-0.2587,0.9659,0,-0.032,0.9654,0.2588,0,309.3727,137.1062,0,1]},
{"frame":265,"values":[0.9994,0.0332,0,0,0.0113,-0.3417,0.9398,0,-0.0312,0.9392,0.3418,0,309.3727,137.1062,0,1]},
{"frame":266,"values":[0.9998,0.0212,-0.0009,0,0.0077,-0.3217,0.9468,0,-0.0198,0.9466,0.3217,0,309.3727,137.1062,0,1]},
{"frame":267,"values":[1,0.0093,-0.0015,0,0.0043,-0.3015,0.9535,0,-0.0084,0.9534,0.3015,0,309.3727,137.1062,0,1]},
{"frame":268,"values":[1,-0.0027,-0.0019,0,0.0011,-0.2811,0.9597,0,0.0031,0.9597,0.2811,0,309.3727,137.1062,0,1]},
{"frame":269,"values":[0.9999,-0.0147,-0.002,0,-0.0018,-0.2605,0.9655,0,0.0147,0.9654,0.2605,0,309.3727,137.1062,0,1]},
{"frame":270,"values":[0.9996,-0.0266,-0.0019,0,-0.0045,-0.2398,0.9708,0,0.0263,0.9705,0.2398,0,309.3727,137.1062,0,1]},
{"frame":271,"values":[0.9993,-0.0386,-0.0015,0,-0.007,-0.2189,0.9757,0,0.038,0.975,0.2191,0,309.3727,137.1062,0,1]},
{"frame":272,"values":[0.9987,-0.0505,-0.0009,0,-0.0091,-0.198,0.9802,0,0.0497,0.9789,0.1982,0,309.3727,137.1062,0,1]},
{"frame":273,"values":[0.998,-0.0625,0,0,-0.0111,-0.1769,0.9842,0,0.0615,0.9822,0.1773,0,309.3727,137.1062,0,1]},
{"frame":274,"values":[0.9972,-0.0744,-0.0009,0,-0.0107,-0.1559,0.9877,0,0.0736,0.985,0.1563,0,309.3727,137.1062,0,1]},
{"frame":275,"values":[0.9963,-0.0863,-0.0015,0,-0.0102,-0.1348,0.9908,0,0.0857,0.9871,0.1352,0,309.3727,137.1062,0,1]},
{"frame":276,"values":[0.9952,-0.0982,-0.0019,0,-0.0093,-0.1136,0.9935,0,0.0978,0.9887,0.114,0,309.3727,137.1062,0,1]},
{"frame":277,"values":[0.9939,-0.1101,-0.002,0,-0.0082,-0.0924,0.9957,0,0.1098,0.9896,0.0928,0,309.3727,137.1062,0,1]},
{"frame":278,"values":[0.9925,-0.122,-0.0019,0,-0.0068,-0.0712,0.9974,0,0.1218,0.99,0.0715,0,309.3727,137.1062,0,1]},
{"frame":279,"values":[0.991,-0.1339,-0.0015,0,-0.0052,-0.0499,0.9987,0,0.1338,0.9897,0.0502,0,309.3727,137.1062,0,1]},
{"frame":280,"values":[0.9893,-0.1457,-0.0009,0,-0.0033,-0.0287,0.9996,0,0.1457,0.9889,0.0289,0,309.3727,137.1062,0,1]},
{"frame":281,"values":[0.9875,-0.1575,0,0,-0.0012,-0.0075,1,0,0.1575,0.9875,0.0076,0,309.3727,137.1062,0,1]},
{"frame":287,"values":[0.9875,-0.1575,0,0,-0.0012,-0.0075,1,0,0.1575,0.9875,0.0076,0,309.3727,135.2902,0,1]},
{"frame":288,"values":[0.9875,-0.1575,0,0,-0.0012,-0.0075,1,0,0.1575,0.9875,0.0076,0,309.3727,133.4742,0,1]},
{"frame":289,"values":[0.9875,-0.1575,0,0,-0.0012,-0.0075,1,0,0.1575,0.9875,0.0076,0,309.3727,131.6582,0,1]},
{"frame":290,"values":[0.9875,-0.1575,0,0,-0.0012,-0.0075,1,0,0.1575,0.9875,0.0076,0,309.3727,129.8422,0,1]},
{"frame":291,"values":[0.9875,-0.1575,0,0,-0.0012,-0.0075,1,0,0.1575,0.9875,0.0076,0,309.3727,128.0262,0,1]},
{"frame":292,"values":[0.9875,-0.1575,0,0,-0.0012,-0.0075,1,0,0.1575,0.9875,0.0076,0,309.3727,126.2102,0,1]},
{"frame":293,"values":[0.9875,-0.1575,0,0,-0.0012,-0.0075,1,0,0.1575,0.9875,0.0076,0,309.3727,124.3942,0,1]},
{"frame":294,"values":[0.9875,-0.1575,0,0,-0.0012,-0.0075,1,0,0.1575,0.9875,0.0076,0,309.3727,122.5782,0,1]},
{"frame":295,"values":[0.9875,-0.1575,0,0,-0.0012,-0.0075,1,0,0.1575,0.9875,0.0076,0,309.3727,120.7622,0,1]},
{"frame":296,"values":[0.9875,-0.1575,0,0,-0.0012,-0.0075,1,0,0.1575,0.9875,0.0076,0,309.3727,118.9462,0,1]},
{"frame":297,"values":[0.9875,-0.1575,0,0,-0.0012,-0.0075,1,0,0.1575,0.9875,0.0076,0,309.3727,117.1302,0,1]},
{"frame":298,"values":[0.9875,-0.1575,0,0,-0.0012,-0.0075,1,0,0.1575,0.9875,0.0076,0,309.3727,115.3142,0,1]},
{"frame":299,"values":[0.9875,-0.1575,0,0,-0.0012,-0.0075,1,0,0.1575,0.9875,0.0076,0,309.3727,113.4982,0,1]},
{"frame":300,"values":[0.9875,-0.1575,0,0,-0.0012,-0.0075,1,0,0.1575,0.9875,0.0076,0,309.3727,111.6822,0,1]},
{"frame":301,"values":[0.9875,-0.1575,0,0,-0.0012,-0.0075,1,0,0.1575,0.9875,0.0076,0,309.3727,109.8661,0,1]},
{"frame":302,"values":[0.9875,-0.1575,0,0,-0.0012,-0.0075,1,0,0.1575,0.9875,0.0076,0,309.3727,108.0502,0,1]},
{"frame":303,"values":[0.9875,-0.1575,0,0,-0.0012,-0.0075,1,0,0.1575,0.9875,0.0076,0,309.3727,106.2341,0,1]},
{"frame":304,"values":[0.9875,-0.1575,0,0,-0.0012,-0.0075,1,0,0.1575,0.9875,0.0076,0,309.3727,104.4181,0,1]},
{"frame":305,"values":[0.9875,-0.1575,0,0,-0.0012,-0.0075,1,0,0.1575,0.9875,0.0076,0,309.3727,102.6021,0,1]},
{"frame":306,"values":[0.9875,-0.1575,0,0,-0.0012,-0.0075,1,0,0.1575,0.9875,0.0076,0,309.3727,100.7861,0,1]},
{"frame":307,"values":[0.9875,-0.1575,0,0,-0.0012,-0.0075,1,0,0.1575,0.9875,0.0076,0,309.3727,98.9701,0,1]},
{"frame":308,"values":[0.9875,-0.1575,0,0,-0.0012,-0.0075,1,0,0.1575,0.9875,0.0076,0,309.3727,97.1541,0,1]},
{"frame":309,"values":[0.9875,-0.1575,0,0,-0.0012,-0.0075,1,0,0.1575,0.9875,0.0076,0,309.3727,95.3381,0,1]},
{"frame":310,"values":[0.9875,-0.1575,0,0,-0.0012,-0.0075,1,0,0.1575,0.9875,0.0076,0,309.3727,93.5221,0,1]},
{"frame":311,"values":[0.9875,-0.1575,0,0,-0.0012,-0.0075,1,0,0.1575,0.9875,0.0076,0,309.3727,91.7061,0,1]},
{"frame":312,"values":[0.9875,-0.1575,0,0,-0.0012,-0.0075,1,0,0.1575,0.9875,0.0076,0,309.3727,89.8901,0,1]},
{"frame":313,"values":[0.9875,-0.1575,0,0,-0.0012,-0.0075,1,0,0.1575,0.9875,0.0076,0,309.3727,88.0741,0,1]},
{"frame":314,"values":[0.9875,-0.1575,0,0,-0.0012,-0.0075,1,0,0.1575,0.9875,0.0076,0,309.3727,86.2581,0,1]},
{"frame":315,"values":[0.9875,-0.1575,0,0,-0.0012,-0.0075,1,0,0.1575,0.9875,0.0076,0,309.3727,84.4421,0,1]},
{"frame":316,"values":[0.9883,-0.1523,0,0,-0.0011,-0.0073,1,0,0.1523,0.9883,0.0074,0,309.3727,82.6261,0,1]},
{"frame":317,"values":[0.9891,-0.147,0,0,-0.0011,-0.0071,1,0,0.147,0.9891,0.0071,0,309.3727,80.81,0,1]},
{"frame":318,"values":[0.9899,-0.1417,0,0,-0.001,-0.0069,1,0,0.1417,0.9899,0.0069,0,309.3727,78.994,0,1]},
{"frame":319,"values":[0.9906,-0.1365,0,0,-0.0009,-0.0067,1,0,0.1365,0.9906,0.0067,0,309.3727,77.178,0,1]},
{"frame":320,"values":[0.9914,-0.1312,0,0,-0.0009,-0.0065,1,0,0.1312,0.9913,0.0065,0,309.3727,75.3621,0,1]},
{"frame":321,"values":[0.992,-0.1259,0,0,-0.0008,-0.0063,1,0,0.1259,0.992,0.0063,0,309.3727,73.546,0,1]},
{"frame":322,"values":[0.9927,-0.1207,0,0,-0.0007,-0.006,1,0,0.1207,0.9927,0.0061,0,309.3727,71.73,0,1]},
{"frame":323,"values":[0.9933,-0.1154,0,0,-0.0007,-0.0058,1,0,0.1154,0.9933,0.0059,0,309.3727,70.4037,0,1]},
{"frame":324,"values":[0.9939,-0.1101,0,0,-0.0007,-0.0056,1,0,0.1101,0.9939,0.0057,0,309.3727,69.0775,0,1]},
{"frame":325,"values":[0.9945,-0.1048,0,0,-0.0006,-0.0054,1,0,0.1048,0.9945,0.0055,0,309.3727,67.7512,0,1]},
