{"producer":{"name":"Blender","version":"2.79 (sub 0)","exporter_version":"5.6.3","file":"Fish9.babylon"},
"autoClear":true,"clearColor":[0.0509,0.0509,0.0509],"ambientColor":[0,0,0],"gravity":[0,-9.81,0],
"materials":[{"name":"Fish9.ca_thu_texture_low","id":"Fish9.ca_thu_texture_low","ambient":[1,1,1],"diffuse":[0.8,0.8,0.8],"specular":[0.5,0.5,0.5],"emissive":[0,0,0],"specularPower":49,"alpha":1,"backFaceCulling":true,"checkReadyOnlyOnce":false,"maxSimultaneousLights":4, 
"diffuseTexture":{"name":"","level":1,"hasAlpha":1,"coordinatesMode":0,"uOffset":0,"vOffset":0,"uScale":1,"vScale":1,"uAng":0,"vAng":0,"wAng":0,"wrapU":1,"wrapV":1,"coordinatesIndex":0}}],
"multiMaterials":[],
"skeletons":[{"name":"ca_thu","id":0,"dimensionsAtRest":[355.9446,277.3492,295.1876],"bones":[
{"name":"xuong:Bip01","index":0,"matrix":[-0.0646,0.9979,0,0,-0.9968,-0.0645,-0.0479,0,0.0478,0.0031,-0.9989,0,-38.554,-6.3686,-26.1536,1],"rest":[-0.0646,0.9979,0,0,-0.9979,-0.0646,0.0082,0,-0.0081,-0.0005,-1,0,-38.554,-5.931,-27.9245,1],"parentBoneIndex":-1,"length":5.6145
,"animation":{"dataType":3,"framePerSecond":30,"keys":[
{"frame":1,"values":[-0.0646,0.9979,0,0,-0.9979,-0.0646,0.0082,0,-0.0081,-0.0005,-1,0,-38.554,-5.931,-27.9245,1]},
{"frame":2,"values":[-0.0646,0.9979,0,0,-0.9966,-0.0645,-0.0515,0,0.0514,0.0033,-0.9987,0,-38.554,-6.4084,-25.1337,1]},
{"frame":3,"values":[-0.0646,0.9979,0,0,-0.992,-0.0642,-0.109,0,0.1088,0.007,-0.994,0,-38.554,-7.5223,-18.6476,1]},
{"frame":4,"values":[-0.0646,0.9979,0,0,-0.9855,-0.0638,-0.1574,0,0.1571,0.0102,-0.9875,0,-38.554,-9.043,-10.2909,1]},
{"frame":5,"values":[-0.0646,0.9979,0,0,-0.9812,-0.0635,-0.1821,0,0.1817,0.0118,-0.9833,0,-38.554,-10.8819,-1.8782,1]},
{"frame":6,"values":[-0.0646,0.9979,0,0,-0.984,-0.0637,-0.1663,0,0.166,0.0107,-0.9861,0,-38.554,-12.7738,5.9315,1]},
{"frame":7,"values":[-0.0646,0.9979,0,0,-0.9901,-0.0641,-0.1246,0,0.1243,0.008,-0.9922,0,-38.554,-14.4536,14.0511,1]},
{"frame":8,"values":[-0.0646,0.9979,0,0,-0.9958,-0.0644,-0.0652,0,0.0651,0.0042,-0.9979,0,-38.554,-15.656,19.4105,1]},
{"frame":9,"values":[-0.0646,0.9979,0,0,-0.9979,-0.0646,0.0031,0,-0.0031,-0.0002,-1,0,-38.554,-16.1157,21.095,1]},
{"frame":10,"values":[-0.0646,0.9979,0,0,-0.9954,-0.0644,0.0714,0,-0.0712,-0.0046,-0.9974,0,-38.554,-15.6781,18.9717,1]},
{"frame":11,"values":[-0.0646,0.9979,0,0,-0.9894,-0.064,0.1307,0,-0.1304,-0.0084,-0.9914,0,-38.554,-14.5243,13.7908,1]},
{"frame":12,"values":[-0.0646,0.9979,0,0,-0.983,-0.0636,0.1724,0,-0.172,-0.0111,-0.985,0,-38.554,-12.8932,6.1971,1]},
{"frame":13,"values":[-0.0646,0.9979,0,0,-0.9801,-0.0634,0.1881,0,-0.1877,-0.0121,-0.9821,0,-38.554,-11.0233,-1.037,1]},
{"frame":14,"values":[-0.0646,0.9979,0,0,-0.9836,-0.0636,0.1689,0,-0.1685,-0.0109,-0.9856,0,-38.554,-9.1535,-8.6847,1]},
{"frame":15,"values":[-0.0646,0.9979,0,0,-0.9905,-0.0641,0.1217,0,-0.1214,-0.0079,-0.9926,0,-38.554,-7.5223,-17.544,1]},
{"frame":16,"values":[-0.0646,0.9979,0,0,-0.996,-0.0644,0.0626,0,-0.0625,-0.004,-0.998,0,-38.554,-6.3686,-24.8719,1]},
{"frame":17,"values":[-0.0646,0.9979,0,0,-0.9979,-0.0646,0.0082,0,-0.0081,-0.0005,-1,0,-38.554,-5.931,-27.9245,1]},
{"frame":18,"values":[-0.0646,0.9979,0,0,-0.9968,-0.0645,-0.0479,0,0.0478,0.0031,-0.9989,0,-38.554,-6.3686,-26.1536,1]},
{"frame":19,"values":[-0.0646,0.9979,0,0,-0.9918,-0.0642,-0.1105,0,0.1103,0.0071,-0.9939,0,-38.554,-7.5223,-20.7386,1]},
{"frame":20,"values":[-0.0646,0.9979,0,0,-0.9849,-0.0637,-0.1612,0,0.1609,0.0104,-0.9869,0,-38.554,-9.1535,-12.1347,1]},
{"frame":21,"values":[-0.0646,0.9979,0,0,-0.9812,-0.0635,-0.1821,0,0.1817,0.0118,-0.9833,0,-38.554,-11.0233,-1.8782,1]},
{"frame":22,"values":[-0.0646,0.9979,0,0,-0.984,-0.0637,-0.1663,0,0.166,0.0107,-0.9861,0,-38.554,-12.8932,7.8397,1]},
{"frame":23,"values":[-0.0646,0.9979,0,0,-0.9901,-0.0641,-0.1246,0,0.1243,0.008,-0.9922,0,-38.554,-14.5243,15.2745,1]},
{"frame":24,"values":[-0.0646,0.9979,0,0,-0.9958,-0.0644,-0.0652,0,0.0651,0.0042,-0.9979,0,-38.554,-15.6781,19.6895,1]},
{"frame":25,"values":[-0.0646,0.9979,0,0,-0.9979,-0.0646,0.0031,0,-0.0031,-0.0002,-1,0,-38.554,-16.1157,21.095,1]},
{"frame":26,"values":[-0.0646,0.9979,0,0,-0.9954,-0.0644,0.0714,0,-0.0712,-0.0046,-0.9974,0,-38.554,-15.6781,19.1346,1]},
{"frame":27,"values":[-0.0646,0.9979,0,0,-0.9894,-0.064,0.1307,0,-0.1304,-0.0084,-0.9914,0,-38.554,-14.5243,14.7069,1]},
{"frame":28,"values":[-0.0646,0.9979,0,0,-0.983,-0.0636,0.1724,0,-0.172,-0.0111,-0.985,0,-38.554,-12.8932,7.8339,1]},
{"frame":29,"values":[-0.0646,0.9979,0,0,-0.9801,-0.0634,0.1881,0,-0.1877,-0.0121,-0.9821,0,-38.554,-11.0233,-1.037,1]},
{"frame":30,"values":[-0.0646,0.9979,0,0,-0.9836,-0.0636,0.1689,0,-0.1685,-0.0109,-0.9856,0,-38.554,-9.1535,-10.7884,1]},
{"frame":31,"values":[-0.0646,0.9979,0,0,-0.9905,-0.0641,0.1217,0,-0.1214,-0.0079,-0.9926,0,-38.554,-7.5223,-19.6539,1]},
{"frame":32,"values":[-0.0646,0.9979,0,0,-0.996,-0.0644,0.0626,0,-0.0625,-0.004,-0.998,0,-38.554,-6.3686,-25.7711,1]},
{"frame":33,"values":[-0.0646,0.9979,0,0,-0.9979,-0.0646,0.0082,0,-0.0081,-0.0005,-1,0,-38.554,-5.931,-27.9245,1]},
{"frame":34,"values":[-0.0646,0.9979,0,0,-0.9968,-0.0645,-0.0479,0,0.0478,0.0031,-0.9989,0,-38.554,-6.3686,-26.1536,1]},
{"frame":35,"values":[-0.0646,0.9979,0,0,-0.9918,-0.0642,-0.1105,0,0.1103,0.0071,-0.9939,0,-38.554,-7.5223,-20.7386,1]},
{"frame":36,"values":[-0.0646,0.9979,0,0,-0.9849,-0.0637,-0.1612,0,0.1609,0.0104,-0.9869,0,-38.554,-9.1535,-12.1347,1]},
{"frame":37,"values":[-0.0646,0.9979,0,0,-0.9812,-0.0635,-0.1821,0,0.1817,0.0118,-0.9833,0,-38.554,-11.0233,-1.8782,1]},
{"frame":38,"values":[-0.0646,0.9979,0,0,-0.984,-0.0637,-0.1663,0,0.166,0.0107,-0.9861,0,-38.554,-12.8932,7.8397,1]},
{"frame":39,"values":[-0.0646,0.9979,0,0,-0.9901,-0.0641,-0.1246,0,0.1243,0.008,-0.9922,0,-38.554,-14.5243,15.2745,1]},
{"frame":40,"values":[-0.0646,0.9979,0,0,-0.9958,-0.0644,-0.0652,0,0.0651,0.0042,-0.9979,0,-38.554,-15.6781,19.6895,1]},
{"frame":41,"values":[-0.0646,0.9979,0,0,-0.9979,-0.0646,0.0031,0,-0.0031,-0.0002,-1,0,-38.554,-16.1157,21.095,1]},
{"frame":42,"values":[-0.0646,0.9979,0,0,-0.9954,-0.0644,0.0714,0,-0.0712,-0.0046,-0.9974,0,-38.554,-15.6781,19.1346,1]},
{"frame":43,"values":[-0.0646,0.9979,0,0,-0.9894,-0.064,0.1307,0,-0.1304,-0.0084,-0.9914,0,-38.554,-14.5243,14.7069,1]},
{"frame":44,"values":[-0.0646,0.9979,0,0,-0.983,-0.0636,0.1724,0,-0.172,-0.0111,-0.985,0,-38.554,-12.8932,7.8339,1]},
{"frame":45,"values":[-0.0646,0.9979,0,0,-0.9801,-0.0634,0.1881,0,-0.1877,-0.0121,-0.9821,0,-38.554,-11.0233,-1.037,1]},
{"frame":46,"values":[-0.0646,0.9979,0,0,-0.983,-0.0636,0.1724,0,-0.172,-0.0111,-0.985,0,-38.554,-9.1535,-10.7884,1]},
{"frame":47,"values":[-0.0646,0.9979,0,0,-0.9894,-0.064,0.1307,0,-0.1304,-0.0084,-0.9914,0,-38.554,-7.5223,-19.6539,1]},
{"frame":48,"values":[-0.0646,0.9979,0,0,-0.9954,-0.0644,0.0714,0,-0.0712,-0.0046,-0.9974,0,-38.554,-6.3686,-25.7711,1]},
{"frame":49,"values":[-0.0646,0.9979,0,0,-0.9979,-0.0646,0.0031,0,-0.0031,-0.0002,-1,0,-38.554,-5.931,-27.9245,1]},
{"frame":50,"values":[-0.0646,0.9979,0,0,-0.9958,-0.0644,-0.0652,0,0.0651,0.0042,-0.9979,0,-38.554,-6.3686,-26.1536,1]},
{"frame":51,"values":[-0.0646,0.9979,0,0,-0.9901,-0.0641,-0.1246,0,0.1243,0.008,-0.9922,0,-38.554,-7.5223,-20.7386,1]},
{"frame":52,"values":[-0.0646,0.9979,0,0,-0.984,-0.0637,-0.1663,0,0.166,0.0107,-0.9861,0,-38.554,-9.1535,-12.1347,1]},
{"frame":53,"values":[-0.0646,0.9979,0,0,-0.9812,-0.0635,-0.1821,0,0.1817,0.0118,-0.9833,0,-38.554,-11.0233,-1.8782,1]},
{"frame":54,"values":[-0.0646,0.9979,0,0,-0.984,-0.0637,-0.1663,0,0.166,0.0107,-0.9861,0,-38.554,-12.8932,7.8396,1]},
{"frame":55,"values":[-0.0646,0.9979,0,0,-0.9901,-0.0641,-0.1246,0,0.1243,0.008,-0.9922,0,-38.554,-14.5243,15.2744,1]},
{"frame":56,"values":[-0.0646,0.9979,0,0,-0.9958,-0.0644,-0.0652,0,0.0651,0.0042,-0.9979,0,-38.554,-15.6781,19.6895,1]},
{"frame":57,"values":[-0.0646,0.9979,0,0,-0.9979,-0.0646,0.0031,0,-0.0031,-0.0002,-1,0,-38.554,-16.1157,21.095,1]},
{"frame":58,"values":[-0.0646,0.9979,0,0,-0.9954,-0.0644,0.0714,0,-0.0712,-0.0046,-0.9974,0,-38.554,-15.656,19.0909,1]},
{"frame":59,"values":[-0.0646,0.9979,0,0,-0.9894,-0.064,0.1307,0,-0.1304,-0.0084,-0.9914,0,-38.554,-14.4536,14.3859,1]},
{"frame":60,"values":[-0.0646,0.9979,0,0,-0.983,-0.0636,0.1724,0,-0.172,-0.0111,-0.985,0,-38.554,-12.7738,6.9053,1]},
{"frame":61,"values":[-0.0646,0.9979,0,0,-0.9801,-0.0634,0.1881,0,-0.1877,-0.0121,-0.9821,0,-38.554,-10.8819,-2.5571,1]},
{"frame":62,"values":[-0.0646,0.9979,0,0,-0.9859,-0.0638,0.1547,0,-0.1544,-0.01,-0.988,0,-38.554,-9.043,-12.0954,1]},
{"frame":63,"values":[-0.0646,0.9979,0,0,-0.9931,-0.0643,0.0985,0,-0.0983,-0.0064,-0.9951,0,-38.554,-7.5223,-19.6539,1]},
{"frame":64,"values":[-0.0646,0.9979,0,0,-0.9964,-0.0645,0.0551,0,-0.055,-0.0036,-0.9985,0,-38.554,-6.4084,-25.3209,1]},
{"frame":65,"values":[-0.0646,0.9979,0,0,-0.9979,-0.0646,0.0082,0,-0.0081,-0.0005,-1,0,-38.554,-5.931,-27.9245,1]},
{"frame":55,"values":[-0.0646,0.9979,0,0,-0.9979,-0.0646,0.0082,0,-0.0081,-0.0005,-1,0,-38.554,-5.931,-27.9245,1]},
{"frame":72,"values":[-0.0646,0.9979,0,0,-0.9966,-0.0645,-0.0515,0,0.0514,0.0033,-0.9987,0,-38.554,-6.4084,-25.1337,1]},
{"frame":73,"values":[-0.0646,0.9979,0,0,-0.992,-0.0642,-0.109,0,0.1088,0.007,-0.994,0,-38.554,-7.5223,-18.6476,1]},
{"frame":74,"values":[-0.0646,0.9979,0,0,-0.9855,-0.0638,-0.1574,0,0.1571,0.0102,-0.9875,0,-38.554,-9.043,-10.2909,1]},
{"frame":75,"values":[-0.0646,0.9979,0,0,-0.9812,-0.0635,-0.1821,0,0.1817,0.0118,-0.9833,0,-38.554,-10.8819,-1.8782,1]},
{"frame":76,"values":[-0.0646,0.9979,0,0,-0.984,-0.0637,-0.1663,0,0.166,0.0107,-0.9861,0,-38.554,-12.7738,5.9315,1]},
{"frame":77,"values":[-0.0646,0.9979,0,0,-0.9901,-0.0641,-0.1246,0,0.1243,0.008,-0.9922,0,-38.554,-14.4536,14.0511,1]},
{"frame":78,"values":[-0.0646,0.9979,0,0,-0.9958,-0.0644,-0.0652,0,0.0651,0.0042,-0.9979,0,-38.554,-15.656,19.4105,1]},
{"frame":79,"values":[-0.0646,0.9979,0,0,-0.9979,-0.0646,0.0031,0,-0.0031,-0.0002,-1,0,-38.554,-16.1157,21.095,1]},
{"frame":80,"values":[-0.0646,0.9979,0,0,-0.9954,-0.0644,0.0714,0,-0.0712,-0.0046,-0.9974,0,-38.554,-15.6781,18.9717,1]},
{"frame":81,"values":[-0.0646,0.9979,0,0,-0.9894,-0.064,0.1307,0,-0.1304,-0.0084,-0.9914,0,-38.554,-14.5243,13.7908,1]},
{"frame":82,"values":[-0.0646,0.9979,0,0,-0.983,-0.0636,0.1724,0,-0.172,-0.0111,-0.985,0,-38.554,-12.8932,6.1971,1]},
{"frame":83,"values":[-0.0646,0.9979,0,0,-0.9801,-0.0634,0.1881,0,-0.1877,-0.0121,-0.9821,0,-38.554,-11.0233,-1.037,1]},
{"frame":84,"values":[-0.0646,0.9979,0,0,-0.9836,-0.0636,0.1689,0,-0.1685,-0.0109,-0.9856,0,-38.554,-9.1535,-8.6847,1]},
{"frame":85,"values":[-0.0646,0.9979,0,0,-0.9905,-0.0641,0.1217,0,-0.1214,-0.0079,-0.9926,0,-38.554,-7.5223,-17.544,1]},
{"frame":86,"values":[-0.0646,0.9979,0,0,-0.996,-0.0644,0.0626,0,-0.0625,-0.004,-0.998,0,-38.554,-6.3686,-24.8719,1]},
{"frame":87,"values":[-0.0646,0.9979,0,0,-0.9979,-0.0646,0.0082,0,-0.0081,-0.0005,-1,0,-38.554,-5.931,-27.9245,1]},
{"frame":88,"values":[-0.0646,0.9979,0,0,-0.9968,-0.0645,-0.0479,0,0.0478,0.0031,-0.9989,0,-38.554,-6.3686,-26.1536,1]},
{"frame":89,"values":[-0.0646,0.9979,0,0,-0.9918,-0.0642,-0.1105,0,0.1103,0.0071,-0.9939,0,-38.554,-7.5223,-20.7386,1]},
{"frame":90,"values":[-0.0646,0.9979,0,0,-0.9849,-0.0637,-0.1612,0,0.1609,0.0104,-0.9869,0,-38.554,-9.1535,-12.1347,1]},
{"frame":91,"values":[-0.0646,0.9979,0,0,-0.9812,-0.0635,-0.1821,0,0.1817,0.0118,-0.9833,0,-38.554,-11.0233,-1.8782,1]},
{"frame":92,"values":[-0.0646,0.9979,0,0,-0.984,-0.0637,-0.1663,0,0.166,0.0107,-0.9861,0,-38.554,-12.8932,7.8397,1]},
{"frame":93,"values":[-0.0646,0.9979,0,0,-0.9901,-0.0641,-0.1246,0,0.1243,0.008,-0.9922,0,-38.554,-14.5243,15.2745,1]},
{"frame":94,"values":[-0.0646,0.9979,0,0,-0.9958,-0.0644,-0.0652,0,0.0651,0.0042,-0.9979,0,-38.554,-15.6781,19.6895,1]},
{"frame":95,"values":[-0.0646,0.9979,0,0,-0.9979,-0.0646,0.0031,0,-0.0031,-0.0002,-1,0,-38.554,-16.1157,21.095,1]},
{"frame":96,"values":[-0.0646,0.9979,0,0,-0.9954,-0.0644,0.0714,0,-0.0712,-0.0046,-0.9974,0,-38.554,-15.6781,19.1346,1]},
{"frame":97,"values":[-0.0646,0.9979,0,0,-0.9894,-0.064,0.1307,0,-0.1304,-0.0084,-0.9914,0,-38.554,-14.5243,14.7069,1]},
{"frame":98,"values":[-0.0646,0.9979,0,0,-0.983,-0.0636,0.1724,0,-0.172,-0.0111,-0.985,0,-38.554,-12.8932,7.8339,1]},
{"frame":99,"values":[-0.0646,0.9979,0,0,-0.9801,-0.0634,0.1881,0,-0.1877,-0.0121,-0.9821,0,-38.554,-11.0233,-1.037,1]},
{"frame":100,"values":[-0.0646,0.9979,0,0,-0.9836,-0.0636,0.1689,0,-0.1685,-0.0109,-0.9856,0,-38.554,-9.1535,-10.7884,1]},
{"frame":101,"values":[-0.0646,0.9979,0,0,-0.9905,-0.0641,0.1217,0,-0.1214,-0.0079,-0.9926,0,-38.554,-7.5223,-19.6539,1]},
{"frame":102,"values":[-0.0646,0.9979,0,0,-0.996,-0.0644,0.0626,0,-0.0625,-0.004,-0.998,0,-38.554,-6.3686,-25.7711,1]},
{"frame":103,"values":[-0.0646,0.9979,0,0,-0.9979,-0.0646,0.0082,0,-0.0081,-0.0005,-1,0,-38.554,-5.931,-27.9245,1]},
{"frame":104,"values":[-0.0646,0.9979,0,0,-0.9968,-0.0645,-0.0479,0,0.0478,0.0031,-0.9989,0,-38.554,-6.3686,-26.1536,1]},
{"frame":105,"values":[-0.0646,0.9979,0,0,-0.9918,-0.0642,-0.1105,0,0.1103,0.0071,-0.9939,0,-38.554,-7.5223,-20.7386,1]},
{"frame":106,"values":[-0.0646,0.9979,0,0,-0.9849,-0.0637,-0.1612,0,0.1609,0.0104,-0.9869,0,-38.554,-9.1535,-12.1347,1]},
{"frame":107,"values":[-0.0646,0.9979,0,0,-0.9812,-0.0635,-0.1821,0,0.1817,0.0118,-0.9833,0,-38.554,-11.0233,-1.8782,1]},
{"frame":108,"values":[-0.0646,0.9979,0,0,-0.984,-0.0637,-0.1663,0,0.166,0.0107,-0.9861,0,-38.554,-12.8932,7.8397,1]},
{"frame":109,"values":[-0.0646,0.9979,0,0,-0.9901,-0.0641,-0.1246,0,0.1243,0.008,-0.9922,0,-38.554,-14.5243,15.2745,1]},
{"frame":110,"values":[-0.0646,0.9979,0,0,-0.9958,-0.0644,-0.0652,0,0.0651,0.0042,-0.9979,0,-38.554,-15.6781,19.6895,1]},
{"frame":111,"values":[-0.0646,0.9979,0,0,-0.9979,-0.0646,0.0031,0,-0.0031,-0.0002,-1,0,-38.554,-16.1157,21.095,1]},
{"frame":112,"values":[-0.0646,0.9979,0,0,-0.9954,-0.0644,0.0714,0,-0.0712,-0.0046,-0.9974,0,-38.554,-15.6781,19.1346,1]},
{"frame":113,"values":[-0.0646,0.9979,0,0,-0.9894,-0.064,0.1307,0,-0.1304,-0.0084,-0.9914,0,-38.554,-14.5243,14.7069,1]},
{"frame":114,"values":[-0.0646,0.9979,0,0,-0.983,-0.0636,0.1724,0,-0.172,-0.0111,-0.985,0,-38.554,-12.8932,7.8339,1]},
{"frame":115,"values":[-0.0646,0.9979,0,0,-0.9801,-0.0634,0.1881,0,-0.1877,-0.0121,-0.9821,0,-38.554,-11.0233,-1.037,1]},
{"frame":116,"values":[-0.0646,0.9979,0,0,-0.983,-0.0636,0.1724,0,-0.172,-0.0111,-0.985,0,-38.554,-9.1535,-10.7884,1]},
{"frame":117,"values":[-0.0646,0.9979,0,0,-0.9894,-0.064,0.1307,0,-0.1304,-0.0084,-0.9914,0,-38.554,-7.5223,-19.6539,1]},
{"frame":118,"values":[-0.0646,0.9979,0,0,-0.9954,-0.0644,0.0714,0,-0.0712,-0.0046,-0.9974,0,-38.554,-6.3686,-25.7711,1]},
{"frame":119,"values":[-0.0646,0.9979,0,0,-0.9979,-0.0646,0.0031,0,-0.0031,-0.0002,-1,0,-38.554,-5.931,-27.9245,1]},
{"frame":120,"values":[-0.0646,0.9979,0,0,-0.9958,-0.0644,-0.0652,0,0.0651,0.0042,-0.9979,0,-38.554,-6.3686,-26.1536,1]},
{"frame":121,"values":[-0.0646,0.9979,0,0,-0.9901,-0.0641,-0.1246,0,0.1243,0.008,-0.9922,0,-38.554,-7.5223,-20.7386,1]},
{"frame":122,"values":[-0.0646,0.9979,0,0,-0.984,-0.0637,-0.1663,0,0.166,0.0107,-0.9861,0,-38.554,-9.1535,-12.1347,1]},
{"frame":123,"values":[-0.0646,0.9979,0,0,-0.9812,-0.0635,-0.1821,0,0.1817,0.0118,-0.9833,0,-38.554,-11.0233,-1.8782,1]},
{"frame":124,"values":[-0.0646,0.9979,0,0,-0.984,-0.0637,-0.1663,0,0.166,0.0107,-0.9861,0,-38.554,-12.8932,7.8396,1]},
{"frame":125,"values":[-0.0646,0.9979,0,0,-0.9901,-0.0641,-0.1246,0,0.1243,0.008,-0.9922,0,-38.554,-14.5243,15.2744,1]},
{"frame":126,"values":[-0.0646,0.9979,0,0,-0.9958,-0.0644,-0.0652,0,0.0651,0.0042,-0.9979,0,-38.554,-15.6781,19.6895,1]},
{"frame":127,"values":[-0.0646,0.9979,0,0,-0.9979,-0.0646,0.0031,0,-0.0031,-0.0002,-1,0,-38.554,-16.1157,21.095,1]},
{"frame":128,"values":[-0.0646,0.9979,0,0,-0.9954,-0.0644,0.0714,0,-0.0712,-0.0046,-0.9974,0,-38.554,-15.656,19.0909,1]},
{"frame":129,"values":[-0.0646,0.9979,0,0,-0.9894,-0.064,0.1307,0,-0.1304,-0.0084,-0.9914,0,-38.554,-14.4536,14.3859,1]},
{"frame":130,"values":[-0.0646,0.9979,0,0,-0.983,-0.0636,0.1724,0,-0.172,-0.0111,-0.985,0,-38.554,-12.7738,6.9053,1]},
{"frame":131,"values":[-0.0646,0.9979,0,0,-0.9801,-0.0634,0.1881,0,-0.1877,-0.0121,-0.9821,0,-38.554,-10.8819,-2.5571,1]},
{"frame":132,"values":[-0.0646,0.9979,0,0,-0.9859,-0.0638,0.1547,0,-0.1544,-0.01,-0.988,0,-38.554,-9.043,-12.0954,1]},
{"frame":133,"values":[-0.0646,0.9979,0,0,-0.9931,-0.0643,0.0985,0,-0.0983,-0.0064,-0.9951,0,-38.554,-7.5223,-19.6539,1]},
{"frame":134,"values":[-0.0646,0.9979,0,0,-0.9964,-0.0645,0.0551,0,-0.055,-0.0036,-0.9985,0,-38.554,-6.4084,-25.3209,1]},
{"frame":135,"values":[-0.0646,0.9979,0,0,-0.9979,-0.0646,0.0082,0,-0.0081,-0.0005,-1,0,-38.554,-5.931,-27.9245,1]},
{"frame":136,"values":[-0.0646,0.9979,0,0,-0.9959,-0.0644,-0.0635,0,0.0633,0.0041,-0.998,0,-38.554,-6.7267,-23.5766,1]},
{"frame":137,"values":[-0.0646,0.9979,0,0,-0.992,-0.0642,-0.109,0,0.1088,0.007,-0.994,0,-38.554,-7.5223,-18.6476,1]},
{"frame":138,"values":[-0.0646,0.9979,0,0,-0.992,-0.0642,-0.109,0,0.1087,0.007,-0.994,0,-38.554,-7.5223,-18.6492,1]},
{"frame":139,"values":[-0.0646,0.9979,0,0,-0.992,-0.0642,-0.1089,0,0.1087,0.007,-0.9941,0,-38.554,-7.5223,-18.6538,1]},
{"frame":140,"values":[-0.0646,0.9979,0,0,-0.992,-0.0642,-0.1088,0,0.1086,0.007,-0.9941,0,-38.554,-7.5223,-18.6614,1]},
{"frame":141,"values":[-0.0646,0.9979,0,0,-0.992,-0.0642,-0.1087,0,0.1084,0.007,-0.9941,0,-38.554,-7.5223,-18.6719,1]},
{"frame":142,"values":[-0.0646,0.9979,0,0,-0.992,-0.0642,-0.1085,0,0.1083,0.007,-0.9941,0,-38.554,-7.5223,-18.6854,1]},
{"frame":143,"values":[-0.0646,0.9979,0,0,-0.992,-0.0642,-0.1083,0,0.1081,0.007,-0.9941,0,-38.554,-7.5222,-18.7017,1]},
{"frame":144,"values":[-0.0646,0.9979,0,0,-0.9921,-0.0642,-0.1081,0,0.1078,0.007,-0.9941,0,-38.554,-7.5221,-18.7209,1]},
{"frame":145,"values":[-0.0646,0.9979,0,0,-0.9921,-0.0642,-0.1078,0,0.1076,0.007,-0.9942,0,-38.554,-7.522,-18.7429,1]},
{"frame":146,"values":[-0.0646,0.9979,0,0,-0.9921,-0.0642,-0.1075,0,0.1072,0.0069,-0.9942,0,-38.554,-7.5219,-18.7675,1]},
{"frame":147,"values":[-0.0646,0.9979,0,0,-0.9922,-0.0642,-0.1071,0,0.1069,0.0069,-0.9942,0,-38.554,-7.5217,-18.7949,1]},
{"frame":148,"values":[-0.0646,0.9979,0,0,-0.9922,-0.0642,-0.1068,0,0.1065,0.0069,-0.9943,0,-38.554,-7.5215,-18.8249,1]},
{"frame":149,"values":[-0.0646,0.9979,0,0,-0.9923,-0.0642,-0.1063,0,0.1061,0.0069,-0.9943,0,-38.554,-7.5212,-18.8575,1]},
{"frame":150,"values":[-0.0646,0.9979,0,0,-0.9923,-0.0642,-0.1059,0,0.1057,0.0068,-0.9944,0,-38.554,-7.5209,-18.8926,1]},
{"frame":151,"values":[-0.0646,0.9979,0,0,-0.9924,-0.0642,-0.1054,0,0.1052,0.0068,-0.9944,0,-38.554,-7.5205,-18.9302,1]},
{"frame":152,"values":[-0.0646,0.9979,0,0,-0.9924,-0.0642,-0.1049,0,0.1047,0.0068,-0.9945,0,-38.554,-7.5201,-18.9703,1]},
{"frame":153,"values":[-0.0646,0.9979,0,0,-0.9925,-0.0642,-0.1044,0,0.1042,0.0067,-0.9945,0,-38.554,-7.5196,-19.0128,1]},
{"frame":154,"values":[-0.0646,0.9979,0,0,-0.9925,-0.0642,-0.1038,0,0.1036,0.0067,-0.9946,0,-38.554,-7.5191,-19.0577,1]},
{"frame":155,"values":[-0.0646,0.9979,0,0,-0.9926,-0.0642,-0.1032,0,0.103,0.0067,-0.9947,0,-38.554,-7.5185,-19.1048,1]},
{"frame":156,"values":[-0.0646,0.9979,0,0,-0.9926,-0.0642,-0.1026,0,0.1024,0.0066,-0.9947,0,-38.554,-7.5178,-19.1542,1]},
{"frame":157,"values":[-0.0646,0.9979,0,0,-0.9927,-0.0642,-0.102,0,0.1017,0.0066,-0.9948,0,-38.554,-7.517,-19.2059,1]},
{"frame":158,"values":[-0.0646,0.9979,0,0,-0.9928,-0.0642,-0.1013,0,0.1011,0.0065,-0.9949,0,-38.554,-7.5162,-19.2597,1]},
{"frame":159,"values":[-0.0646,0.9979,0,0,-0.9929,-0.0642,-0.1006,0,0.1004,0.0065,-0.9949,0,-38.554,-7.5153,-19.3157,1]},
{"frame":160,"values":[-0.0646,0.9979,0,0,-0.9929,-0.0642,-0.0998,0,0.0996,0.0064,-0.995,0,-38.554,-7.5143,-19.3737,1]},
{"frame":161,"values":[-0.0646,0.9979,0,0,-0.993,-0.0643,-0.0991,0,0.0989,0.0064,-0.9951,0,-38.554,-7.5132,-19.4338,1]},
{"frame":162,"values":[-0.0646,0.9979,0,0,-0.9931,-0.0643,-0.0983,0,0.0981,0.0063,-0.9952,0,-38.554,-7.512,-19.4958,1]},
{"frame":163,"values":[-0.0646,0.9979,0,0,-0.9932,-0.0643,-0.0975,0,0.0973,0.0063,-0.9952,0,-38.554,-7.5107,-19.5598,1]},
{"frame":164,"values":[-0.0646,0.9979,0,0,-0.9932,-0.0643,-0.0967,0,0.0965,0.0062,-0.9953,0,-38.554,-7.5093,-19.6257,1]},
{"frame":165,"values":[-0.0646,0.9979,0,0,-0.9933,-0.0643,-0.0958,0,0.0956,0.0062,-0.9954,0,-38.554,-7.5078,-19.6935,1]},
{"frame":166,"values":[-0.0646,0.9979,0,0,-0.9934,-0.0643,-0.0949,0,0.0947,0.0061,-0.9955,0,-38.554,-7.5062,-19.763,1]},
{"frame":167,"values":[-0.0646,0.9979,0,0,-0.9935,-0.0643,-0.094,0,0.0938,0.0061,-0.9956,0,-38.554,-7.5045,-19.8343,1]},
{"frame":168,"values":[-0.0646,0.9979,0,0,-0.9936,-0.0643,-0.0931,0,0.0929,0.006,-0.9957,0,-38.554,-7.5026,-19.9073,1]},
{"frame":169,"values":[-0.0646,0.9979,0,0,-0.9937,-0.0643,-0.0922,0,0.092,0.006,-0.9957,0,-38.554,-7.5007,-19.982,1]},
{"frame":170,"values":[-0.0646,0.9979,0,0,-0.9938,-0.0643,-0.0912,0,0.091,0.0059,-0.9958,0,-38.554,-7.4986,-20.0583,1]},
{"frame":171,"values":[-0.0646,0.9979,0,0,-0.9938,-0.0643,-0.0902,0,0.0901,0.0058,-0.9959,0,-38.554,-7.4963,-20.1362,1]},
{"frame":172,"values":[-0.0646,0.9979,0,0,-0.9939,-0.0643,-0.0892,0,0.0891,0.0058,-0.996,0,-38.554,-7.494,-20.2156,1]},
{"frame":173,"values":[-0.0646,0.9979,0,0,-0.994,-0.0643,-0.0882,0,0.088,0.0057,-0.9961,0,-38.554,-7.4915,-20.2965,1]},
{"frame":174,"values":[-0.0646,0.9979,0,0,-0.9941,-0.0643,-0.0872,0,0.087,0.0056,-0.9962,0,-38.554,-7.4888,-20.3788,1]},
{"frame":175,"values":[-0.0646,0.9979,0,0,-0.9942,-0.0643,-0.0861,0,0.0859,0.0056,-0.9963,0,-38.554,-7.486,-20.4625,1]},
{"frame":176,"values":[-0.0646,0.9979,0,0,-0.9943,-0.0643,-0.0851,0,0.0849,0.0055,-0.9964,0,-38.554,-7.4831,-20.5476,1]},
{"frame":177,"values":[-0.0646,0.9979,0,0,-0.9944,-0.0643,-0.084,0,0.0838,0.0054,-0.9965,0,-38.554,-7.48,-20.6339,1]},
{"frame":178,"values":[-0.0646,0.9979,0,0,-0.9945,-0.0643,-0.0829,0,0.0827,0.0054,-0.9966,0,-38.554,-7.4768,-20.7215,1]},
{"frame":179,"values":[-0.0646,0.9979,0,0,-0.9946,-0.0644,-0.0817,0,0.0816,0.0053,-0.9967,0,-38.554,-7.4733,-20.8103,1]},
{"frame":180,"values":[-0.0646,0.9979,0,0,-0.9947,-0.0644,-0.0806,0,0.0804,0.0052,-0.9967,0,-38.554,-7.4698,-20.9003,1]},
{"frame":181,"values":[-0.0646,0.9979,0,0,-0.9948,-0.0644,-0.0795,0,0.0793,0.0051,-0.9968,0,-38.554,-7.466,-20.9913,1]},
{"frame":182,"values":[-0.0646,0.9979,0,0,-0.9948,-0.0644,-0.0783,0,0.0781,0.0051,-0.9969,0,-38.554,-7.4621,-21.0835,1]},
{"frame":183,"values":[-0.0646,0.9979,0,0,-0.9949,-0.0644,-0.0771,0,0.077,0.005,-0.997,0,-38.554,-7.458,-21.1766,1]},
{"frame":184,"values":[-0.0646,0.9979,0,0,-0.995,-0.0644,-0.0759,0,0.0758,0.0049,-0.9971,0,-38.554,-7.4537,-21.2707,1]},
{"frame":185,"values":[-0.0646,0.9979,0,0,-0.9951,-0.0644,-0.0747,0,0.0746,0.0048,-0.9972,0,-38.554,-7.4492,-21.3658,1]},
{"frame":186,"values":[-0.0646,0.9979,0,0,-0.9952,-0.0644,-0.0735,0,0.0734,0.0047,-0.9973,0,-38.554,-7.4445,-21.4617,1]},
{"frame":187,"values":[-0.0646,0.9979,0,0,-0.9953,-0.0644,-0.0723,0,0.0722,0.0047,-0.9974,0,-38.554,-7.4397,-21.5584,1]},
{"frame":188,"values":[-0.0646,0.9979,0,0,-0.9954,-0.0644,-0.0711,0,0.0709,0.0046,-0.9975,0,-38.554,-7.4346,-21.656,1]},
{"frame":189,"values":[-0.0646,0.9979,0,0,-0.9955,-0.0644,-0.0698,0,0.0697,0.0045,-0.9976,0,-38.554,-7.4293,-21.7543,1]},
{"frame":190,"values":[-0.0646,0.9979,0,0,-0.9956,-0.0644,-0.0686,0,0.0684,0.0044,-0.9976,0,-38.554,-7.4239,-21.8532,1]},
{"frame":191,"values":[-0.0646,0.9979,0,0,-0.9956,-0.0644,-0.0673,0,0.0672,0.0043,-0.9977,0,-38.554,-7.4182,-21.9529,1]},
{"frame":192,"values":[-0.0646,0.9979,0,0,-0.9957,-0.0644,-0.0661,0,0.0659,0.0043,-0.9978,0,-38.554,-7.4123,-22.0531,1]},
{"frame":193,"values":[-0.0646,0.9979,0,0,-0.9958,-0.0644,-0.0648,0,0.0647,0.0042,-0.9979,0,-38.554,-7.4062,-22.1539,1]},
{"frame":194,"values":[-0.0646,0.9979,0,0,-0.9959,-0.0644,-0.0635,0,0.0634,0.0041,-0.998,0,-38.554,-7.3999,-22.2552,1]},
{"frame":195,"values":[-0.0646,0.9979,0,0,-0.996,-0.0644,-0.0622,0,0.0621,0.004,-0.9981,0,-38.554,-7.3933,-22.3569,1]},
{"frame":196,"values":[-0.0646,0.9979,0,0,-0.9961,-0.0645,-0.0609,0,0.0608,0.0039,-0.9981,0,-38.554,-7.3865,-22.4591,1]},
{"frame":197,"values":[-0.0646,0.9979,0,0,-0.9961,-0.0645,-0.0596,0,0.0595,0.0039,-0.9982,0,-38.554,-7.3795,-22.5616,1]},
{"frame":198,"values":[-0.0646,0.9979,0,0,-0.9962,-0.0645,-0.0583,0,0.0582,0.0038,-0.9983,0,-38.554,-7.3722,-22.6645,1]},
{"frame":199,"values":[-0.0646,0.9979,0,0,-0.9963,-0.0645,-0.057,0,0.0569,0.0037,-0.9984,0,-38.554,-7.3647,-22.7676,1]},
{"frame":200,"values":[-0.0646,0.9979,0,0,-0.9964,-0.0645,-0.0557,0,0.0556,0.0036,-0.9984,0,-38.554,-7.357,-22.871,1]},
{"frame":201,"values":[-0.0646,0.9979,0,0,-0.9964,-0.0645,-0.0544,0,0.0543,0.0035,-0.9985,0,-38.554,-7.349,-22.9745,1]},
{"frame":202,"values":[-0.0646,0.9979,0,0,-0.9965,-0.0645,-0.0531,0,0.053,0.0034,-0.9986,0,-38.554,-7.3407,-23.0782,1]},
{"frame":203,"values":[-0.0646,0.9979,0,0,-0.9966,-0.0645,-0.0518,0,0.0517,0.0033,-0.9987,0,-38.554,-7.3322,-23.182,1]},
{"frame":204,"values":[-0.0646,0.9979,0,0,-0.9966,-0.0645,-0.0505,0,0.0504,0.0033,-0.9987,0,-38.554,-7.3234,-23.2859,1]},
{"frame":205,"values":[-0.0646,0.9979,0,0,-0.9967,-0.0645,-0.0492,0,0.0491,0.0032,-0.9988,0,-38.554,-7.3144,-23.3897,1]},
{"frame":206,"values":[-0.0646,0.9979,0,0,-0.9968,-0.0645,-0.0479,0,0.0478,0.0031,-0.9989,0,-38.554,-7.3051,-23.4935,1]},
{"frame":207,"values":[-0.0646,0.9979,0,0,-0.9968,-0.0645,-0.0466,0,0.0465,0.003,-0.9989,0,-38.554,-7.2955,-23.5972,1]},
{"frame":208,"values":[-0.0646,0.9979,0,0,-0.9969,-0.0645,-0.0453,0,0.0452,0.0029,-0.999,0,-38.554,-7.2856,-23.7007,1]},
{"frame":209,"values":[-0.0646,0.9979,0,0,-0.9969,-0.0645,-0.044,0,0.0439,0.0028,-0.999,0,-38.554,-7.2755,-23.8041,1]},
{"frame":210,"values":[-0.0646,0.9979,0,0,-0.997,-0.0645,-0.0426,0,0.0426,0.0028,-0.9991,0,-38.554,-7.265,-23.9073,1]},
{"frame":211,"values":[-0.0646,0.9979,0,0,-0.9971,-0.0645,-0.0413,0,0.0413,0.0027,-0.9991,0,-38.554,-7.2543,-24.0101,1]},
{"frame":212,"values":[-0.0646,0.9979,0,0,-0.9971,-0.0645,-0.0401,0,0.04,0.0026,-0.9992,0,-38.554,-7.2433,-24.1127,1]},
{"frame":213,"values":[-0.0646,0.9979,0,0,-0.9972,-0.0645,-0.0388,0,0.0387,0.0025,-0.9992,0,-38.554,-7.232,-24.2148,1]},
{"frame":214,"values":[-0.0646,0.9979,0,0,-0.9972,-0.0645,-0.0375,0,0.0374,0.0024,-0.9993,0,-38.554,-7.2204,-24.3166,1]},
{"frame":215,"values":[-0.0646,0.9979,0,0,-0.9973,-0.0645,-0.0362,0,0.0361,0.0023,-0.9993,0,-38.554,-7.2085,-24.4179,1]},
{"frame":216,"values":[-0.0646,0.9979,0,0,-0.9973,-0.0645,-0.0349,0,0.0348,0.0023,-0.9994,0,-38.554,-7.1962,-24.5187,1]},
{"frame":217,"values":[-0.0646,0.9979,0,0,-0.9973,-0.0645,-0.0337,0,0.0336,0.0022,-0.9994,0,-38.554,-7.1837,-24.6189,1]},
{"frame":218,"values":[-0.0646,0.9979,0,0,-0.9974,-0.0645,-0.0324,0,0.0323,0.0021,-0.9995,0,-38.554,-7.1708,-24.7185,1]},
{"frame":219,"values":[-0.0646,0.9979,0,0,-0.9974,-0.0645,-0.0311,0,0.0311,0.002,-0.9995,0,-38.554,-7.1577,-24.8175,1]},
{"frame":220,"values":[-0.0646,0.9979,0,0,-0.9975,-0.0645,-0.0299,0,0.0298,0.0019,-0.9996,0,-38.554,-7.1442,-24.9158,1]},
{"frame":221,"values":[-0.0646,0.9979,0,0,-0.9975,-0.0645,-0.0287,0,0.0286,0.0019,-0.9996,0,-38.554,-7.1303,-25.0133,1]},
{"frame":222,"values":[-0.0646,0.9979,0,0,-0.9975,-0.0645,-0.0274,0,0.0274,0.0018,-0.9996,0,-38.554,-7.1162,-25.1101,1]},
{"frame":223,"values":[-0.0646,0.9979,0,0,-0.9976,-0.0645,-0.0262,0,0.0262,0.0017,-0.9997,0,-38.554,-7.1017,-25.206,1]},
{"frame":224,"values":[-0.0646,0.9979,0,0,-0.9976,-0.0646,-0.025,0,0.025,0.0016,-0.9997,0,-38.554,-7.0868,-25.3011,1]},
{"frame":225,"values":[-0.0646,0.9979,0,0,-0.9976,-0.0646,-0.0238,0,0.0238,0.0015,-0.9997,0,-38.554,-7.0716,-25.3952,1]},
{"frame":226,"values":[-0.0646,0.9979,0,0,-0.9977,-0.0646,-0.0227,0,0.0226,0.0015,-0.9997,0,-38.554,-7.0561,-25.4883,1]},
{"frame":227,"values":[-0.0646,0.9979,0,0,-0.9977,-0.0646,-0.0215,0,0.0214,0.0014,-0.9998,0,-38.554,-7.0402,-25.5805,1]},
{"frame":228,"values":[-0.0646,0.9979,0,0,-0.9977,-0.0646,-0.0203,0,0.0203,0.0013,-0.9998,0,-38.554,-7.0239,-25.6715,1]},
{"frame":229,"values":[-0.0646,0.9979,0,0,-0.9977,-0.0646,-0.0192,0,0.0192,0.0012,-0.9998,0,-38.554,-7.0073,-25.7615,1]},
{"frame":230,"values":[-0.0646,0.9979,0,0,-0.9977,-0.0646,-0.0181,0,0.018,0.0012,-0.9998,0,-38.554,-6.9903,-25.8503,1]},
{"frame":231,"values":[-0.0646,0.9979,0,0,-0.9978,-0.0646,-0.017,0,0.0169,0.0011,-0.9999,0,-38.554,-6.973,-25.9379,1]},
{"frame":232,"values":[-0.0646,0.9979,0,0,-0.9978,-0.0646,-0.0159,0,0.0158,0.001,-0.9999,0,-38.554,-6.9553,-26.0243,1]},
{"frame":233,"values":[-0.0646,0.9979,0,0,-0.9978,-0.0646,-0.0148,0,0.0148,0.001,-0.9999,0,-38.554,-6.9372,-26.1093,1]},
{"frame":234,"values":[-0.0646,0.9979,0,0,-0.9978,-0.0646,-0.0137,0,0.0137,0.0009,-0.9999,0,-38.554,-6.9187,-26.193,1]},
{"frame":235,"values":[-0.0646,0.9979,0,0,-0.9978,-0.0646,-0.0127,0,0.0127,0.0008,-0.9999,0,-38.554,-6.8998,-26.2754,1]},
{"frame":236,"values":[-0.0646,0.9979,0,0,-0.9978,-0.0646,-0.0117,0,0.0117,0.0008,-0.9999,0,-38.554,-6.8806,-26.3563,1]},
{"frame":237,"values":[-0.0646,0.9979,0,0,-0.9979,-0.0646,-0.0107,0,0.0107,0.0007,-0.9999,0,-38.554,-6.8609,-26.4357,1]},
{"frame":238,"values":[-0.0646,0.9979,0,0,-0.9979,-0.0646,-0.0097,0,0.0097,0.0006,-1,0,-38.554,-6.8409,-26.5136,1]},
{"frame":239,"values":[-0.0646,0.9979,0,0,-0.9979,-0.0646,-0.0087,0,0.0087,0.0006,-1,0,-38.554,-6.8205,-26.5899,1]},
{"frame":240,"values":[-0.0646,0.9979,0,0,-0.9979,-0.0646,-0.0078,0,0.0078,0.0005,-1,0,-38.554,-6.7996,-26.6646,1]},
{"frame":241,"values":[-0.0646,0.9979,0,0,-0.9979,-0.0646,-0.0069,0,0.0068,0.0004,-1,0,-38.554,-6.7784,-26.7376,1]},
{"frame":242,"values":[-0.0646,0.9979,0,0,-0.9979,-0.0646,-0.006,0,0.0059,0.0004,-1,0,-38.554,-6.7567,-26.8089,1]},
{"frame":243,"values":[-0.0646,0.9979,0,0,-0.9979,-0.0646,-0.0051,0,0.0051,0.0003,-1,0,-38.554,-6.7346,-26.8785,1]},
{"frame":244,"values":[-0.0646,0.9979,0,0,-0.9979,-0.0646,-0.0042,0,0.0042,0.0003,-1,0,-38.554,-6.7121,-26.9462,1]},
{"frame":245,"values":[-0.0646,0.9979,0,0,-0.9979,-0.0646,-0.0034,0,0.0034,0.0002,-1,0,-38.554,-6.6892,-27.0121,1]},
{"frame":246,"values":[-0.0646,0.9979,0,0,-0.9979,-0.0646,-0.0026,0,0.0026,0.0002,-1,0,-38.554,-6.6658,-27.0761,1]},
{"frame":247,"values":[-0.0646,0.9979,0,0,-0.9979,-0.0646,-0.0018,0,0.0018,0.0001,-1,0,-38.554,-6.642,-27.1382,1]},
{"frame":248,"values":[-0.0646,0.9979,0,0,-0.9979,-0.0646,-0.001,0,0.001,0.0001,-1,0,-38.554,-6.6178,-27.1983,1]},
{"frame":249,"values":[-0.0646,0.9979,0,0,-0.9979,-0.0646,-0.0003,0,0.0003,0,-1,0,-38.554,-6.5931,-27.2563,1]},
{"frame":250,"values":[-0.0646,0.9979,0,0,-0.9979,-0.0646,0.0004,0,-0.0004,0,-1,0,-38.554,-6.568,-27.3123,1]},
{"frame":251,"values":[-0.0646,0.9979,0,0,-0.9979,-0.0646,0.0011,0,-0.0011,-0.0001,-1,0,-38.554,-6.5425,-27.3661,1]},
{"frame":252,"values":[-0.0646,0.9979,0,0,-0.9979,-0.0646,0.0017,0,-0.0017,-0.0001,-1,0,-38.554,-6.5164,-27.4178,1]},
{"frame":253,"values":[-0.0646,0.9979,0,0,-0.9979,-0.0646,0.0024,0,-0.0024,-0.0002,-1,0,-38.554,-6.49,-27.4672,1]},
{"frame":254,"values":[-0.0646,0.9979,0,0,-0.9979,-0.0646,0.003,0,-0.003,-0.0002,-1,0,-38.554,-6.4631,-27.5144,1]},
{"frame":255,"values":[-0.0646,0.9979,0,0,-0.9979,-0.0646,0.0035,0,-0.0035,-0.0002,-1,0,-38.554,-6.4357,-27.5592,1]},
{"frame":256,"values":[-0.0646,0.9979,0,0,-0.9979,-0.0646,0.0041,0,-0.0041,-0.0003,-1,0,-38.554,-6.4078,-27.6017,1]},
{"frame":257,"values":[-0.0646,0.9979,0,0,-0.9979,-0.0646,0.0046,0,-0.0046,-0.0003,-1,0,-38.554,-6.3795,-27.6418,1]},
{"frame":258,"values":[-0.0646,0.9979,0,0,-0.9979,-0.0646,0.0051,0,-0.005,-0.0003,-1,0,-38.554,-6.3506,-27.6794,1]},
{"frame":259,"values":[-0.0646,0.9979,0,0,-0.9979,-0.0646,0.0055,0,-0.0055,-0.0004,-1,0,-38.554,-6.3214,-27.7146,1]},
{"frame":260,"values":[-0.0646,0.9979,0,0,-0.9979,-0.0646,0.0059,0,-0.0059,-0.0004,-1,0,-38.554,-6.2916,-27.7471,1]},
{"frame":261,"values":[-0.0646,0.9979,0,0,-0.9979,-0.0646,0.0063,0,-0.0063,-0.0004,-1,0,-38.554,-6.2613,-27.7771,1]},
{"frame":262,"values":[-0.0646,0.9979,0,0,-0.9979,-0.0646,0.0066,0,-0.0066,-0.0004,-1,0,-38.554,-6.2306,-27.8045,1]},
{"frame":263,"values":[-0.0646,0.9979,0,0,-0.9979,-0.0646,0.0069,0,-0.0069,-0.0004,-1,0,-38.554,-6.1993,-27.8292,1]},
{"frame":264,"values":[-0.0646,0.9979,0,0,-0.9979,-0.0646,0.0072,0,-0.0072,-0.0005,-1,0,-38.554,-6.1676,-27.8511,1]},
{"frame":265,"values":[-0.0646,0.9979,0,0,-0.9979,-0.0646,0.0075,0,-0.0075,-0.0005,-1,0,-38.554,-6.1353,-27.8703,1]},
{"frame":266,"values":[-0.0646,0.9979,0,0,-0.9979,-0.0646,0.0077,0,-0.0077,-0.0005,-1,0,-38.554,-6.1025,-27.8867,1]},
{"frame":267,"values":[-0.0646,0.9979,0,0,-0.9979,-0.0646,0.0078,0,-0.0078,-0.0005,-1,0,-38.554,-6.0693,-27.9001,1]},
{"frame":268,"values":[-0.0646,0.9979,0,0,-0.9979,-0.0646,0.008,0,-0.008,-0.0005,-1,0,-38.554,-6.0355,-27.9107,1]},
{"frame":269,"values":[-0.0646,0.9979,0,0,-0.9979,-0.0646,0.0081,0,-0.0081,-0.0005,-1,0,-38.554,-6.0012,-27.9183,1]},
{"frame":270,"values":[-0.0646,0.9979,0,0,-0.9979,-0.0646,0.0081,0,-0.0081,-0.0005,-1,0,-38.554,-5.9663,-27.9229,1]},
{"frame":271,"values":[-0.0646,0.9979,0,0,-0.9979,-0.0646,0.0082,0,-0.0081,-0.0005,-1,0,-38.554,-5.931,-27.9245,1]},
{"frame":272,"values":[-0.0646,0.9979,0,0,-0.9976,-0.0646,-0.025,0,0.025,0.0016,-0.9997,0,-38.554,-1.3883,-8.7513,1]},
{"frame":273,"values":[-0.0646,0.9979,0,0,-0.9962,-0.0645,-0.0582,0,0.0581,0.0038,-0.9983,0,-38.554,6.159,21.8016,1]},
{"frame":274,"values":[-0.0646,0.9979,0,0,-0.9962,-0.0645,-0.0582,0,0.0581,0.0038,-0.9983,0,-38.554,12.5598,35.632,1]},
{"frame":275,"values":[-0.0646,0.9979,0,0,-0.9962,-0.0645,-0.0582,0,0.0581,0.0038,-0.9983,0,-38.554,18.2489,41.1993,1]},
{"frame":276,"values":[-0.0646,0.9979,0,0,-0.9962,-0.0645,-0.0582,0,0.0581,0.0038,-0.9983,0,-38.554,22.3746,41.6397,1]},
{"frame":277,"values":[-0.0646,0.9979,0,0,-0.9962,-0.0645,-0.0582,0,0.0581,0.0038,-0.9983,0,-38.554,24.6458,41.7026,1]},
{"frame":278,"values":[-0.0646,0.9979,0,0,-0.9962,-0.0645,-0.0582,0,0.0581,0.0038,-0.9983,0,-38.554,25.1782,38.5912,1]},
{"frame":279,"values":[-0.0646,0.9979,0,0,-0.9962,-0.0645,-0.0582,0,0.0581,0.0038,-0.9983,0,-38.554,25.2542,31.1282,1]},
{"frame":280,"values":[-0.0646,0.9979,0,0,-0.9965,-0.0645,-0.0533,0,0.0532,0.0034,-0.9986,0,-38.554,22.9442,20.7101,1]},
{"frame":281,"values":[-0.0646,0.9979,0,0,-0.9971,-0.0645,-0.041,0,0.0409,0.0026,-0.9992,0,-38.554,17.1692,8.0825,1]},
{"frame":282,"values":[-0.0646,0.9979,0,0,-0.9976,-0.0646,-0.025,0,0.025,0.0016,-0.9997,0,-38.554,9.6616,-4.9247,1]},
{"frame":283,"values":[-0.0646,0.9979,0,0,-0.9979,-0.0646,-0.0091,0,0.009,0.0006,-1,0,-38.554,2.1541,-16.4818,1]},
{"frame":284,"values":[-0.0646,0.9979,0,0,-0.9979,-0.0646,0.0032,0,-0.0032,-0.0002,-1,0,-38.554,-3.621,-24.7586,1]},
{"frame":285,"values":[-0.0646,0.9979,0,0,-0.9979,-0.0646,0.0082,0,-0.0081,-0.0005,-1,0,-38.554,-5.931,-27.9245,1]},
{"frame":322,"values":[-0.2547,0.9613,0.1056,0,-0.967,-0.2536,-0.0231,0,-0.0045,0.108,-0.9941,0,-38.554,47.5054,-19.1793,1]},
{"frame":323,"values":[-0.2932,0.736,0.6102,0,-0.954,-0.2672,-0.1361,0,-0.0628,0.622,-0.7805,0,-38.554,157.2654,0.5957,1]},
{"frame":324,"values":[-0.051,0.3734,0.9263,0,-0.9984,0.0045,-0.0568,0,0.0254,0.9277,-0.3726,0,-38.554,247.5255,14.0725,1]},
{"frame":325,"values":[-0.0549,0.0355,0.9979,0,-0.9985,0.0049,-0.0551,0,0.0068,0.9994,-0.0352,0,-38.554,295.2528,16.8071,1]},
{"frame":326,"values":[-0.0524,-0.3011,0.9521,0,-0.9986,0.0046,-0.0535,0,-0.0117,0.9536,0.3009,0,-38.554,330.6618,17.6048,1]},
{"frame":327,"values":[-0.0446,-0.5854,0.8095,0,-0.9986,0.004,-0.0521,0,-0.0273,0.8107,0.5848,0,-38.554,357.8011,18.0464,1]},
{"frame":328,"values":[-0.0339,-0.7878,0.6151,0,-0.9987,0.003,-0.0511,0,-0.0384,0.616,0.7868,0,-38.554,380.7192,19.7125,1]},
{"frame":329,"values":[-0.0226,-0.9119,0.4098,0,-0.9987,0.002,-0.0505,0,-0.0452,0.4105,0.9108,0,-38.554,400.0672,22.7509,1]},
{"frame":330,"values":[-0.0117,-0.9769,0.2132,0,-0.9987,0.001,-0.0502,0,-0.0488,0.2135,0.9757,0,-38.554,413.8287,26.4098,1]},
{"frame":331,"values":[-0.0021,-0.9992,0.039,0,-0.9987,0.0002,-0.0501,0,-0.05,0.0391,0.998,0,-38.554,422.0509,30.9206,1]},
{"frame":332,"values":[0.0058,-0.9943,-0.1061,0,-0.9987,-0.0005,-0.0501,0,-0.0498,-0.1063,0.9931,0,-38.554,424.7812,36.5148,1]},
{"frame":333,"values":[0.0125,-0.9737,-0.2274,0,-0.9987,-0.0011,-0.0502,0,-0.0486,-0.2278,0.9725,0,-38.554,422.7408,46.1126,1]},
{"frame":334,"values":[0.0183,-0.9427,-0.333,0,-0.9987,-0.0016,-0.0504,0,-0.0469,-0.3335,0.9416,0,-38.554,408.4582,57.4992,1]},
{"frame":335,"values":[0.0234,-0.905,-0.4248,0,-0.9987,-0.0021,-0.0506,0,-0.0449,-0.4254,0.9039,0,-38.554,369.6909,63.2033,1]},
{"frame":336,"values":[0.0278,-0.8627,-0.505,0,-0.9987,-0.0025,-0.0508,0,-0.0425,-0.5057,0.8616,0,-38.554,282.7371,63.4904,1]},
{"frame":337,"values":[0.0317,-0.817,-0.5758,0,-0.9987,-0.0028,-0.051,0,-0.04,-0.5767,0.816,0,-38.554,163.0567,63.6378,1]},
{"frame":338,"values":[0.0352,-0.768,-0.6394,0,-0.9987,-0.0031,-0.0512,0,-0.0373,-0.6404,0.7671,0,-38.554,57.1487,63.6922,1]},
{"frame":339,"values":[0.0384,-0.7154,-0.6976,0,-0.9987,-0.0034,-0.0515,0,-0.0345,-0.6987,0.7146,0,-38.554,11.5126,63.6999,1]},
{"frame":340,"values":[0.0407,-0.6718,-0.7396,0,-0.9987,-0.0036,-0.0517,0,-0.0321,-0.7407,0.6711,0,-38.554,39.7093,63.6999,1]},
{"frame":341,"values":[0.0419,-0.6461,-0.7621,0,-0.9986,-0.0037,-0.0518,0,-0.0306,-0.7633,0.6453,0,-38.554,92.0746,63.6999,1]},
{"frame":342,"values":[0.0427,-0.6294,-0.7759,0,-0.9986,-0.0038,-0.0519,0,-0.0297,-0.777,0.6288,0,-38.554,120.2713,63.6999,1]},
{"frame":343,"values":[0.0434,-0.6145,-0.7877,0,-0.9986,-0.0038,-0.052,0,-0.0289,-0.7889,0.6138,0,-38.554,108.0093,63.6999,1]},
{"frame":344,"values":[0.0439,-0.6007,-0.7982,0,-0.9986,-0.0039,-0.052,0,-0.0281,-0.7994,0.6001,0,-38.554,85.2371,63.6999,1]},
{"frame":345,"values":[0.0444,-0.5885,-0.8073,0,-0.9986,-0.0039,-0.0521,0,-0.0275,-0.8085,0.5879,0,-38.554,72.9751,63.6999,1]},
{"frame":346,"values":[0.0448,-0.5783,-0.8146,0,-0.9986,-0.004,-0.0521,0,-0.0269,-0.8158,0.5777,0,-38.554,74.1181,63.6999,1]},
{"frame":347,"values":[0.0451,-0.5706,-0.82,0,-0.9986,-0.004,-0.0522,0,-0.0265,-0.8213,0.57,0,-38.554,76.6328,63.6999,1]},
{"frame":348,"values":[0.0453,-0.5656,-0.8234,0,-0.9986,-0.004,-0.0522,0,-0.0262,-0.8247,0.565,0,-38.554,79.1474,63.6999,1]},
{"frame":349,"values":[0.0454,-0.5639,-0.8246,0,-0.9986,-0.004,-0.0522,0,-0.0261,-0.8259,0.5633,0,-38.554,80.2904,63.6999,1]}],"loopBehavior":1,"name":"anim","property":"_matrix"}},
{"name":"xuong:w1","index":1,"matrix":[0.0284,0.9993,-0.0263,0,-0.9989,0.0293,0.0353,0,0.0361,0.0252,0.999,0,-0.9663,5.2991,0,1],"rest":[0.0236,0.9972,-0.0713,0,-0.9997,0.0238,0.0025,0,0.0042,0.0712,0.9975,0,-0.9663,5.2991,0,1],"parentBoneIndex":0,"length":118.249
,"animation":{"dataType":3,"framePerSecond":30,"keys":[
{"frame":1,"values":[0.0236,0.9972,-0.0713,0,-0.9997,0.0238,0.0025,0,0.0042,0.0712,0.9975,0,-0.9663,5.2991,0,1]},
{"frame":2,"values":[0.0284,0.9993,-0.0263,0,-0.9989,0.0293,0.0353,0,0.0361,0.0252,0.999,0,-0.9663,5.2991,0,1]},
{"frame":3,"values":[0.0347,0.9992,0.0186,0,-0.9971,0.0333,0.0683,0,0.0676,-0.021,0.9975,0,-0.9663,5.2991,0,1]},
{"frame":4,"values":[0.0425,0.9971,0.0637,0,-0.9943,0.036,0.1006,0,0.098,-0.0677,0.9929,0,-0.9663,5.2991,0,1]},
{"frame":5,"values":[0.0518,0.9928,0.1084,0,-0.9904,0.0371,0.1329,0,0.1279,-0.1143,0.9852,0,-0.9663,5.2991,0,1]},
{"frame":6,"values":[0.0594,0.9865,0.1529,0,-0.9938,0.044,0.1024,0,0.0943,-0.158,0.9829,0,-0.9663,5.2991,0,1]},
{"frame":7,"values":[0.0655,0.9781,0.1973,0,-0.996,0.0521,0.0721,0,0.0603,-0.2013,0.9777,0,-0.9663,5.2991,0,1]},
{"frame":8,"values":[0.0624,0.9684,0.2413,0,-0.9977,0.0537,0.0424,0,0.028,-0.2433,0.9695,0,-0.9663,5.2991,0,1]},
{"frame":9,"values":[0.0579,0.9569,0.2846,0,-0.9983,0.0566,0.0126,0,-0.004,-0.2849,0.9586,0,-0.9663,5.2991,0,1]},
{"frame":10,"values":[0.061,0.9686,0.2412,0,-0.9976,0.067,-0.0166,0,-0.0323,-0.2396,0.9703,0,-0.9663,5.2991,0,1]},
{"frame":11,"values":[0.0653,0.9782,0.1973,0,-0.996,0.0759,-0.0463,0,-0.0603,-0.1935,0.9792,0,-0.9663,5.2991,0,1]},
