{"producer":{"name":"Blender","version":"2.79 (sub 0)","exporter_version":"5.6.3","file":"Fish1.babylon"},
"autoClear":true,"clearColor":[0.0509,0.0509,0.0509],"ambientColor":[0,0,0],"gravity":[0,-9.81,0],
"materials":[{"name":"Fish1.ca_vang_texture_low","id":"Fish1.ca_vang_texture_low","ambient":[1,1,1],"diffuse":[0.8,0.8,0.8],"specular":[0.5,0.5,0.5],"emissive":[0,0,0],"specularPower":49,"alpha":1,"backFaceCulling":true,"checkReadyOnlyOnce":false,"maxSimultaneousLights":4, 
"diffuseTexture":{"name":"","level":1,"hasAlpha":1,"coordinatesMode":0,"uOffset":0,"vOffset":0,"uScale":1,"vScale":1,"uAng":0,"vAng":0,"wAng":0,"wrapU":1,"wrapV":1,"coordinatesIndex":0}}],
"multiMaterials":[],
"skeletons":[{"name":"ca_vang","id":0,"dimensionsAtRest":[359.6248,165.9858,181.784],"bones":[
{"name":"xuong:Bip01","index":0,"matrix":[-0.0386,0.9993,0,0,-0.9969,-0.0385,0.0688,0,-0.0688,-0.0027,-0.9976,0,63.7834,-22.775,5.824,1],"rest":[-0.0386,0.9993,0,0,-0.9993,-0.0386,0,0,0,0,-1,0,63.7834,-22.2879,0,1],"parentBoneIndex":-1,"length":12.2205
,"animation":{"dataType":3,"framePerSecond":30,"keys":[
{"frame":1,"values":[-0.0386,0.9993,0,0,-0.9993,-0.0386,0,0,0,0,-1,0,63.7834,-22.2879,0,1]},
{"frame":2,"values":[-0.0386,0.9993,0,0,-0.9982,-0.0386,-0.0449,0,0.0448,0.0017,-0.999,0,63.7834,-22.775,5.824,1]},
{"frame":3,"values":[-0.0386,0.9993,0,0,-0.9952,-0.0385,-0.0897,0,0.0896,0.0035,-0.996,0,63.7834,-23.2621,11.648,1]},
{"frame":4,"values":[-0.0386,0.9993,0,0,-0.9902,-0.0383,-0.1343,0,0.1342,0.0052,-0.9909,0,63.7834,-23.7493,17.4719,1]},
{"frame":5,"values":[-0.0386,0.9993,0,0,-0.9832,-0.038,-0.1787,0,0.1785,0.0069,-0.9839,0,63.7834,-24.2364,23.2959,1]},
{"frame":6,"values":[-0.0386,0.9993,0,0,-0.9917,-0.0383,-0.1225,0,0.1224,0.0047,-0.9925,0,63.7834,-24.7235,29.1199,1]},
{"frame":7,"values":[-0.0386,0.9993,0,0,-0.9971,-0.0385,-0.0657,0,0.0657,0.0025,-0.9978,0,63.7834,-25.2107,34.9438,1]},
{"frame":8,"values":[-0.0386,0.9993,0,0,-0.9992,-0.0386,-0.0088,0,0.0088,0.0003,-1,0,63.7834,-25.6978,40.7678,1]},
{"frame":9,"values":[-0.0386,0.9993,0,0,-0.9981,-0.0386,0.0481,0,-0.048,-0.0019,-0.9988,0,63.7834,-26.1849,46.5918,1]},
{"frame":10,"values":[-0.0386,0.9993,0,0,-0.9938,-0.0384,0.1048,0,-0.1047,-0.004,-0.9945,0,63.7834,-25.6978,40.7678,1]},
{"frame":11,"values":[-0.0386,0.9993,0,0,-0.9862,-0.0381,0.1612,0,-0.1611,-0.0062,-0.9869,0,63.7834,-25.2107,34.9438,1]},
{"frame":12,"values":[-0.0386,0.9993,0,0,-0.9754,-0.0377,0.2172,0,-0.217,-0.0084,-0.9761,0,63.7834,-24.7235,29.1199,1]},
{"frame":13,"values":[-0.0386,0.9993,0,0,-0.9615,-0.0372,0.2723,0,-0.2721,-0.0105,-0.9622,0,63.7834,-24.2364,23.2959,1]},
{"frame":14,"values":[-0.0386,0.9993,0,0,-0.9779,-0.0378,0.2055,0,-0.2053,-0.0079,-0.9787,0,63.7834,-23.7493,17.4719,1]},
{"frame":15,"values":[-0.0386,0.9993,0,0,-0.9898,-0.0383,0.1375,0,-0.1374,-0.0053,-0.9905,0,63.7834,-23.2621,11.648,1]},
{"frame":16,"values":[-0.0386,0.9993,0,0,-0.9969,-0.0385,0.0688,0,-0.0688,-0.0027,-0.9976,0,63.7834,-22.775,5.824,1]},
{"frame":17,"values":[-0.0386,0.9993,0,0,-0.9993,-0.0386,0,0,0,0,-1,0,63.7834,-22.2879,0,1]},
{"frame":18,"values":[-0.0386,0.9993,0,0,-0.9982,-0.0386,-0.0449,0,0.0448,0.0017,-0.999,0,63.7834,-22.775,5.824,1]},
{"frame":19,"values":[-0.0386,0.9993,0,0,-0.9952,-0.0385,-0.0897,0,0.0896,0.0035,-0.996,0,63.7834,-23.2621,11.648,1]},
{"frame":20,"values":[-0.0386,0.9993,0,0,-0.9902,-0.0383,-0.1343,0,0.1342,0.0052,-0.9909,0,63.7834,-23.7493,17.4719,1]},
{"frame":21,"values":[-0.0386,0.9993,0,0,-0.9832,-0.038,-0.1787,0,0.1785,0.0069,-0.9839,0,63.7834,-24.2364,23.2959,1]},
{"frame":22,"values":[-0.0386,0.9993,0,0,-0.9917,-0.0383,-0.1225,0,0.1224,0.0047,-0.9925,0,63.7834,-24.7235,29.1199,1]},
{"frame":23,"values":[-0.0386,0.9993,0,0,-0.9971,-0.0385,-0.0657,0,0.0657,0.0025,-0.9978,0,63.7834,-25.2107,34.9438,1]},
{"frame":24,"values":[-0.0386,0.9993,0,0,-0.9992,-0.0386,-0.0088,0,0.0088,0.0003,-1,0,63.7834,-25.6978,40.7678,1]},
{"frame":25,"values":[-0.0386,0.9993,0,0,-0.9981,-0.0386,0.0481,0,-0.048,-0.0019,-0.9988,0,63.7834,-26.1849,46.5918,1]},
{"frame":26,"values":[-0.0386,0.9993,0,0,-0.9938,-0.0384,0.1048,0,-0.1047,-0.004,-0.9945,0,63.7834,-25.6978,40.7678,1]},
{"frame":27,"values":[-0.0386,0.9993,0,0,-0.9862,-0.0381,0.1612,0,-0.1611,-0.0062,-0.9869,0,63.7834,-25.2107,34.9438,1]},
{"frame":28,"values":[-0.0386,0.9993,0,0,-0.9754,-0.0377,0.2172,0,-0.217,-0.0084,-0.9761,0,63.7834,-24.7235,29.1199,1]},
{"frame":29,"values":[-0.0386,0.9993,0,0,-0.9615,-0.0372,0.2723,0,-0.2721,-0.0105,-0.9622,0,63.7834,-24.2364,23.2959,1]},
{"frame":30,"values":[-0.0386,0.9993,0,0,-0.9779,-0.0378,0.2055,0,-0.2053,-0.0079,-0.9787,0,63.7834,-23.7493,17.4719,1]},
{"frame":31,"values":[-0.0386,0.9993,0,0,-0.9898,-0.0383,0.1375,0,-0.1374,-0.0053,-0.9905,0,63.7834,-23.2621,11.648,1]},
{"frame":32,"values":[-0.0386,0.9993,0,0,-0.9969,-0.0385,0.0688,0,-0.0688,-0.0027,-0.9976,0,63.7834,-22.775,5.824,1]},
{"frame":33,"values":[-0.0386,0.9993,0,0,-0.9993,-0.0386,0,0,0,0,-1,0,63.7834,-22.2879,0,1]},
{"frame":34,"values":[-0.0386,0.9993,0,0,-0.9982,-0.0386,-0.0449,0,0.0448,0.0017,-0.999,0,63.7834,-22.775,5.824,1]},
{"frame":35,"values":[-0.0386,0.9993,0,0,-0.9952,-0.0385,-0.0897,0,0.0896,0.0035,-0.996,0,63.7834,-23.2621,11.648,1]},
{"frame":36,"values":[-0.0386,0.9993,0,0,-0.9902,-0.0383,-0.1343,0,0.1342,0.0052,-0.9909,0,63.7834,-23.7493,17.4719,1]},
{"frame":37,"values":[-0.0386,0.9993,0,0,-0.9832,-0.038,-0.1787,0,0.1785,0.0069,-0.9839,0,63.7834,-24.2364,23.2959,1]},
{"frame":38,"values":[-0.0386,0.9993,0,0,-0.9917,-0.0383,-0.1225,0,0.1224,0.0047,-0.9925,0,63.7834,-24.7235,29.1199,1]},
{"frame":39,"values":[-0.0386,0.9993,0,0,-0.9971,-0.0385,-0.0657,0,0.0657,0.0025,-0.9978,0,63.7834,-25.2107,34.9438,1]},
{"frame":40,"values":[-0.0386,0.9993,0,0,-0.9992,-0.0386,-0.0088,0,0.0088,0.0003,-1,0,63.7834,-25.6978,40.7678,1]},
{"frame":41,"values":[-0.0386,0.9993,0,0,-0.9981,-0.0386,0.0481,0,-0.048,-0.0019,-0.9988,0,63.7834,-26.1849,46.5918,1]},
{"frame":42,"values":[-0.0386,0.9993,0,0,-0.9938,-0.0384,0.1048,0,-0.1047,-0.004,-0.9945,0,63.7834,-25.6978,40.7678,1]},
{"frame":43,"values":[-0.0386,0.9993,0,0,-0.9862,-0.0381,0.1612,0,-0.1611,-0.0062,-0.9869,0,63.7834,-25.2107,34.9438,1]},
{"frame":44,"values":[-0.0386,0.9993,0,0,-0.9754,-0.0377,0.2172,0,-0.217,-0.0084,-0.9761,0,63.7834,-24.7235,29.1199,1]},
{"frame":45,"values":[-0.0386,0.9993,0,0,-0.9615,-0.0372,0.2723,0,-0.2721,-0.0105,-0.9622,0,63.7834,-24.2364,23.2959,1]},
{"frame":46,"values":[-0.0386,0.9993,0,0,-0.9779,-0.0378,0.2055,0,-0.2053,-0.0079,-0.9787,0,63.7834,-23.7493,17.4719,1]},
{"frame":47,"values":[-0.0386,0.9993,0,0,-0.9898,-0.0383,0.1375,0,-0.1374,-0.0053,-0.9905,0,63.7834,-23.2621,11.648,1]},
{"frame":48,"values":[-0.0386,0.9993,0,0,-0.9969,-0.0385,0.0688,0,-0.0688,-0.0027,-0.9976,0,63.7834,-22.775,5.824,1]},
{"frame":49,"values":[-0.0386,0.9993,0,0,-0.9993,-0.0386,0,0,0,0,-1,0,63.7834,-22.2879,0,1]},
{"frame":50,"values":[-0.0386,0.9993,0,0,-0.9982,-0.0386,-0.0449,0,0.0448,0.0017,-0.999,0,63.7834,-22.775,5.824,1]},
{"frame":51,"values":[-0.0386,0.9993,0,0,-0.9952,-0.0385,-0.0897,0,0.0896,0.0035,-0.996,0,63.7834,-23.2621,11.648,1]},
{"frame":52,"values":[-0.0386,0.9993,0,0,-0.9902,-0.0383,-0.1343,0,0.1342,0.0052,-0.9909,0,63.7834,-23.7493,17.4719,1]},
{"frame":53,"values":[-0.0386,0.9993,0,0,-0.9832,-0.038,-0.1787,0,0.1785,0.0069,-0.9839,0,63.7834,-24.2364,23.2959,1]},
{"frame":54,"values":[-0.0386,0.9993,0,0,-0.9917,-0.0383,-0.1225,0,0.1224,0.0047,-0.9925,0,63.7834,-24.7235,29.1199,1]},
{"frame":55,"values":[-0.0386,0.9993,0,0,-0.9971,-0.0385,-0.0657,0,0.0657,0.0025,-0.9978,0,63.7834,-25.2107,34.9438,1]},
{"frame":56,"values":[-0.0386,0.9993,0,0,-0.9992,-0.0386,-0.0088,0,0.0088,0.0003,-1,0,63.7834,-25.6978,40.7678,1]},
{"frame":57,"values":[-0.0386,0.9993,0,0,-0.9981,-0.0386,0.0481,0,-0.048,-0.0019,-0.9988,0,63.7834,-26.1849,46.5918,1]},
{"frame":58,"values":[-0.0386,0.9993,0,0,-0.9938,-0.0384,0.1048,0,-0.1047,-0.004,-0.9945,0,63.7834,-25.6978,40.7678,1]},
{"frame":59,"values":[-0.0386,0.9993,0,0,-0.9862,-0.0381,0.1612,0,-0.1611,-0.0062,-0.9869,0,63.7834,-25.2107,34.9438,1]},
{"frame":60,"values":[-0.0386,0.9993,0,0,-0.9754,-0.0377,0.2172,0,-0.217,-0.0084,-0.9761,0,63.7834,-24.7235,29.1199,1]},
{"frame":61,"values":[-0.0386,0.9993,0,0,-0.9615,-0.0372,0.2723,0,-0.2721,-0.0105,-0.9622,0,63.7834,-24.2364,23.2959,1]},
{"frame":62,"values":[-0.0386,0.9993,0,0,-0.9779,-0.0378,0.2055,0,-0.2053,-0.0079,-0.9787,0,63.7834,-23.7493,17.4719,1]},
{"frame":63,"values":[-0.0386,0.9993,0,0,-0.9898,-0.0383,0.1375,0,-0.1374,-0.0053,-0.9905,0,63.7834,-23.2621,11.648,1]},
{"frame":64,"values":[-0.0386,0.9993,0,0,-0.9969,-0.0385,0.0688,0,-0.0688,-0.0027,-0.9976,0,63.7834,-22.775,5.824,1]},
{"frame":65,"values":[-0.0386,0.9993,0,0,-0.9993,-0.0386,0,0,0,0,-1,0,63.7834,-22.2879,0,1]},
{"frame":66,"values":[-0.0386,0.9993,0,0,-0.9982,-0.0386,-0.0449,0,0.0448,0.0017,-0.999,0,63.7834,-22.775,5.824,1]},
{"frame":67,"values":[-0.0386,0.9993,0,0,-0.9952,-0.0385,-0.0897,0,0.0896,0.0035,-0.996,0,63.7834,-23.2621,11.648,1]},
{"frame":68,"values":[-0.0386,0.9993,0,0,-0.9902,-0.0383,-0.1343,0,0.1342,0.0052,-0.9909,0,63.7834,-23.7493,17.4719,1]},
{"frame":69,"values":[-0.0386,0.9993,0,0,-0.9832,-0.038,-0.1787,0,0.1785,0.0069,-0.9839,0,63.7834,-24.2364,23.2959,1]},
{"frame":70,"values":[-0.0386,0.9993,0,0,-0.9917,-0.0383,-0.1225,0,0.1224,0.0047,-0.9925,0,63.7834,-24.7235,29.1199,1]},
{"frame":71,"values":[-0.0386,0.9993,0,0,-0.9971,-0.0385,-0.0657,0,0.0657,0.0025,-0.9978,0,63.7834,-25.2107,34.9438,1]},
{"frame":72,"values":[-0.0386,0.9993,0,0,-0.9992,-0.0386,-0.0088,0,0.0088,0.0003,-1,0,63.7834,-25.6978,40.7678,1]},
{"frame":73,"values":[-0.0386,0.9993,0,0,-0.9981,-0.0386,0.0481,0,-0.048,-0.0019,-0.9988,0,63.7834,-26.1849,46.5918,1]},
{"frame":74,"values":[-0.0386,0.9993,0,0,-0.9938,-0.0384,0.1048,0,-0.1047,-0.004,-0.9945,0,63.7834,-25.6978,40.7678,1]},
{"frame":75,"values":[-0.0386,0.9993,0,0,-0.9862,-0.0381,0.1612,0,-0.1611,-0.0062,-0.9869,0,63.7834,-25.2107,34.9438,1]},
{"frame":76,"values":[-0.0386,0.9993,0,0,-0.9754,-0.0377,0.2172,0,-0.217,-0.0084,-0.9761,0,63.7834,-24.7235,29.1199,1]},
{"frame":77,"values":[-0.0386,0.9993,0,0,-0.9615,-0.0372,0.2723,0,-0.2721,-0.0105,-0.9622,0,63.7834,-24.2364,23.2959,1]},
{"frame":78,"values":[-0.0386,0.9993,0,0,-0.9779,-0.0378,0.2055,0,-0.2053,-0.0079,-0.9787,0,63.7834,-23.7493,17.4719,1]},
{"frame":79,"values":[-0.0386,0.9993,0,0,-0.9898,-0.0383,0.1375,0,-0.1374,-0.0053,-0.9905,0,63.7834,-23.2621,11.648,1]},
{"frame":80,"values":[-0.0386,0.9993,0,0,-0.9969,-0.0385,0.0688,0,-0.0688,-0.0027,-0.9976,0,63.7834,-22.775,5.824,1]},
{"frame":81,"values":[-0.0386,0.9993,0,0,-0.9993,-0.0386,0,0,0,0,-1,0,63.7834,-22.2879,0,1]},
{"frame":82,"values":[-0.0386,0.9993,0,0,-0.9982,-0.0386,-0.0449,0,0.0448,0.0017,-0.999,0,63.7834,-22.775,5.824,1]},
{"frame":83,"values":[-0.0386,0.9993,0,0,-0.9952,-0.0385,-0.0897,0,0.0896,0.0035,-0.996,0,63.7834,-23.2621,11.648,1]},
{"frame":84,"values":[-0.0386,0.9993,0,0,-0.9902,-0.0383,-0.1343,0,0.1342,0.0052,-0.9909,0,63.7834,-23.7493,17.4719,1]},
{"frame":85,"values":[-0.0386,0.9993,0,0,-0.9832,-0.038,-0.1787,0,0.1785,0.0069,-0.9839,0,63.7834,-24.2364,23.2959,1]},
{"frame":86,"values":[-0.0386,0.9993,0,0,-0.9917,-0.0383,-0.1225,0,0.1224,0.0047,-0.9925,0,63.7834,-24.7235,29.1199,1]},
{"frame":87,"values":[-0.0386,0.9993,0,0,-0.9971,-0.0385,-0.0657,0,0.0657,0.0025,-0.9978,0,63.7834,-25.2107,34.9438,1]},
{"frame":88,"values":[-0.0386,0.9993,0,0,-0.9992,-0.0386,-0.0088,0,0.0088,0.0003,-1,0,63.7834,-25.6978,40.7678,1]},
{"frame":89,"values":[-0.0386,0.9993,0,0,-0.9981,-0.0386,0.0481,0,-0.048,-0.0019,-0.9988,0,63.7834,-26.1849,46.5918,1]},
{"frame":90,"values":[-0.0386,0.9993,0,0,-0.9938,-0.0384,0.1048,0,-0.1047,-0.004,-0.9945,0,63.7834,-25.6978,40.7678,1]},
{"frame":91,"values":[-0.0386,0.9993,0,0,-0.9862,-0.0381,0.1612,0,-0.1611,-0.0062,-0.9869,0,63.7834,-25.2107,34.9438,1]},
{"frame":92,"values":[-0.0386,0.9993,0,0,-0.9754,-0.0377,0.2172,0,-0.217,-0.0084,-0.9761,0,63.7834,-24.7235,29.1199,1]},
{"frame":93,"values":[-0.0386,0.9993,0,0,-0.9615,-0.0372,0.2723,0,-0.2721,-0.0105,-0.9622,0,63.7834,-24.2364,23.2959,1]},
{"frame":94,"values":[-0.0386,0.9993,0,0,-0.9779,-0.0378,0.2055,0,-0.2053,-0.0079,-0.9787,0,63.7834,-23.7493,17.4719,1]},
{"frame":95,"values":[-0.0386,0.9993,0,0,-0.9898,-0.0383,0.1375,0,-0.1374,-0.0053,-0.9905,0,63.7834,-23.2621,11.648,1]},
{"frame":96,"values":[-0.0386,0.9993,0,0,-0.9969,-0.0385,0.0688,0,-0.0688,-0.0027,-0.9976,0,63.7834,-22.775,5.824,1]},
{"frame":97,"values":[-0.0386,0.9993,0,0,-0.9993,-0.0386,0,0,0,0,-1,0,63.7834,-22.2879,0,1]},
{"frame":98,"values":[-0.0386,0.9993,0,0,-0.9982,-0.0386,-0.0449,0,0.0448,0.0017,-0.999,0,63.7834,-22.775,5.824,1]},
{"frame":99,"values":[-0.0386,0.9993,0,0,-0.9952,-0.0385,-0.0897,0,0.0896,0.0035,-0.996,0,63.7834,-23.2621,11.648,1]},
{"frame":100,"values":[-0.0386,0.9993,0,0,-0.9902,-0.0383,-0.1343,0,0.1342,0.0052,-0.9909,0,63.7834,-23.7493,17.4719,1]},
{"frame":101,"values":[-0.0386,0.9993,0,0,-0.9832,-0.038,-0.1787,0,0.1785,0.0069,-0.9839,0,63.7834,-24.2364,23.2959,1]},
{"frame":102,"values":[-0.0386,0.9993,0,0,-0.9917,-0.0383,-0.1225,0,0.1224,0.0047,-0.9925,0,63.7834,-24.7235,29.1199,1]},
{"frame":103,"values":[-0.0386,0.9993,0,0,-0.9971,-0.0385,-0.0657,0,0.0657,0.0025,-0.9978,0,63.7834,-25.2107,34.9438,1]},
{"frame":104,"values":[-0.0386,0.9993,0,0,-0.9992,-0.0386,-0.0088,0,0.0088,0.0003,-1,0,63.7834,-25.6978,40.7678,1]},
{"frame":105,"values":[-0.0386,0.9993,0,0,-0.9981,-0.0386,0.0481,0,-0.048,-0.0019,-0.9988,0,63.7834,-26.1849,46.5918,1]},
{"frame":106,"values":[-0.0386,0.9993,0,0,-0.9938,-0.0384,0.1048,0,-0.1047,-0.004,-0.9945,0,63.7834,-25.6978,40.7678,1]},
{"frame":107,"values":[-0.0386,0.9993,0,0,-0.9862,-0.0381,0.1612,0,-0.1611,-0.0062,-0.9869,0,63.7834,-25.2107,34.9438,1]},
{"frame":108,"values":[-0.0386,0.9993,0,0,-0.9754,-0.0377,0.2172,0,-0.217,-0.0084,-0.9761,0,63.7834,-24.7235,29.1199,1]},
{"frame":109,"values":[-0.0386,0.9993,0,0,-0.9615,-0.0372,0.2723,0,-0.2721,-0.0105,-0.9622,0,63.7834,-24.2364,23.2959,1]},
{"frame":110,"values":[-0.0386,0.9993,0,0,-0.9779,-0.0378,0.2055,0,-0.2053,-0.0079,-0.9787,0,63.7834,-23.7493,17.4719,1]},
{"frame":111,"values":[-0.0386,0.9993,0,0,-0.9898,-0.0383,0.1375,0,-0.1374,-0.0053,-0.9905,0,63.7834,-23.2621,11.648,1]},
{"frame":112,"values":[-0.0386,0.9993,0,0,-0.9969,-0.0385,0.0688,0,-0.0688,-0.0027,-0.9976,0,63.7834,-22.775,5.824,1]},
{"frame":113,"values":[-0.0386,0.9993,0,0,-0.9993,-0.0386,0,0,0,0,-1,0,63.7834,-22.2879,0,1]},
{"frame":114,"values":[-0.0386,0.9993,0,0,-0.9982,-0.0386,-0.0449,0,0.0448,0.0017,-0.999,0,63.7834,-22.775,5.824,1]},
{"frame":115,"values":[-0.0386,0.9993,0,0,-0.9952,-0.0385,-0.0897,0,0.0896,0.0035,-0.996,0,63.7834,-23.2621,11.648,1]},
{"frame":116,"values":[-0.0386,0.9993,0,0,-0.9902,-0.0383,-0.1343,0,0.1342,0.0052,-0.9909,0,63.7834,-23.7493,17.4719,1]},
{"frame":117,"values":[-0.0386,0.9993,0,0,-0.9832,-0.038,-0.1787,0,0.1785,0.0069,-0.9839,0,63.7834,-24.2364,23.2959,1]},
{"frame":118,"values":[-0.0386,0.9993,0,0,-0.9917,-0.0383,-0.1225,0,0.1224,0.0047,-0.9925,0,63.7834,-24.7235,29.1199,1]},
{"frame":119,"values":[-0.0386,0.9993,0,0,-0.9971,-0.0385,-0.0657,0,0.0657,0.0025,-0.9978,0,63.7834,-25.2107,34.9438,1]},
{"frame":120,"values":[-0.0386,0.9993,0,0,-0.9992,-0.0386,-0.0088,0,0.0088,0.0003,-1,0,63.7834,-25.6978,40.7678,1]},
{"frame":121,"values":[-0.0386,0.9993,0,0,-0.9981,-0.0386,0.0481,0,-0.048,-0.0019,-0.9988,0,63.7834,-26.1849,46.5918,1]},
{"frame":122,"values":[-0.0386,0.9993,0,0,-0.9938,-0.0384,0.1048,0,-0.1047,-0.004,-0.9945,0,63.7834,-25.6978,40.7678,1]},
{"frame":123,"values":[-0.0386,0.9993,0,0,-0.9862,-0.0381,0.1612,0,-0.1611,-0.0062,-0.9869,0,63.7834,-25.2107,34.9438,1]},
{"frame":124,"values":[-0.0386,0.9993,0,0,-0.9754,-0.0377,0.2172,0,-0.217,-0.0084,-0.9761,0,63.7834,-24.7235,29.1199,1]},
{"frame":125,"values":[-0.0386,0.9993,0,0,-0.9615,-0.0372,0.2723,0,-0.2721,-0.0105,-0.9622,0,63.7834,-24.2364,23.2959,1]},
{"frame":126,"values":[-0.0386,0.9993,0,0,-0.9779,-0.0378,0.2055,0,-0.2053,-0.0079,-0.9787,0,63.7834,-23.7493,17.4719,1]},
{"frame":127,"values":[-0.0386,0.9993,0,0,-0.9898,-0.0383,0.1375,0,-0.1374,-0.0053,-0.9905,0,63.7834,-23.2621,11.648,1]},
{"frame":128,"values":[-0.0386,0.9993,0,0,-0.9969,-0.0385,0.0688,0,-0.0688,-0.0027,-0.9976,0,63.7834,-22.775,5.824,1]},
{"frame":129,"values":[-0.0386,0.9993,0,0,-0.9993,-0.0386,0,0,0,0,-1,0,63.7834,-22.2879,0,1]},
{"frame":130,"values":[-0.0386,0.9993,0,0,-0.9982,-0.0386,-0.0449,0,0.0448,0.0017,-0.999,0,63.7834,-22.775,5.824,1]},
{"frame":131,"values":[-0.0386,0.9993,0,0,-0.9952,-0.0385,-0.0897,0,0.0896,0.0035,-0.996,0,63.7834,-23.2621,11.648,1]},
{"frame":132,"values":[-0.0386,0.9993,0,0,-0.9902,-0.0383,-0.1343,0,0.1342,0.0052,-0.9909,0,63.7834,-23.7493,17.4719,1]},
{"frame":133,"values":[-0.0386,0.9993,0,0,-0.9832,-0.038,-0.1787,0,0.1785,0.0069,-0.9839,0,63.7834,-24.2364,23.2959,1]},
{"frame":134,"values":[-0.0386,0.9993,0,0,-0.9917,-0.0383,-0.1225,0,0.1224,0.0047,-0.9925,0,63.7834,-24.7235,29.1199,1]},
{"frame":135,"values":[-0.0386,0.9993,0,0,-0.9971,-0.0385,-0.0657,0,0.0657,0.0025,-0.9978,0,63.7834,-25.2107,34.9438,1]},
{"frame":136,"values":[-0.0386,0.9993,0,0,-0.9992,-0.0386,-0.0088,0,0.0088,0.0003,-1,0,63.7834,-25.6978,40.7678,1]},
{"frame":137,"values":[-0.0386,0.9993,0,0,-0.9981,-0.0386,0.0481,0,-0.048,-0.0019,-0.9988,0,63.7834,-26.1849,46.5918,1]},
{"frame":138,"values":[-0.0386,0.9993,0,0,-0.9938,-0.0384,0.1048,0,-0.1047,-0.004,-0.9945,0,63.7834,-25.6978,40.7678,1]},
{"frame":139,"values":[-0.0386,0.9993,0,0,-0.9862,-0.0381,0.1612,0,-0.1611,-0.0062,-0.9869,0,63.7834,-25.2107,34.9438,1]},
{"frame":140,"values":[-0.0386,0.9993,0,0,-0.9754,-0.0377,0.2172,0,-0.217,-0.0084,-0.9761,0,63.7834,-24.7235,29.1199,1]},
{"frame":141,"values":[-0.0386,0.9993,0,0,-0.9615,-0.0372,0.2723,0,-0.2721,-0.0105,-0.9622,0,63.7834,-24.2364,23.2959,1]},
{"frame":142,"values":[-0.0386,0.9993,0,0,-0.9779,-0.0378,0.2055,0,-0.2053,-0.0079,-0.9787,0,63.7834,-23.7493,17.4719,1]},
{"frame":143,"values":[-0.0386,0.9993,0,0,-0.9898,-0.0383,0.1375,0,-0.1374,-0.0053,-0.9905,0,63.7834,-23.2621,11.648,1]},
{"frame":144,"values":[-0.0386,0.9993,0,0,-0.9969,-0.0385,0.0688,0,-0.0688,-0.0027,-0.9976,0,63.7834,-22.775,5.824,1]},
{"frame":145,"values":[-0.0386,0.9993,0,0,-0.9993,-0.0386,0,0,0,0,-1,0,63.7834,-22.2879,0,1]},
{"frame":146,"values":[-0.0386,0.9993,0,0,-0.9982,-0.0386,-0.0449,0,0.0448,0.0017,-0.999,0,63.7834,-22.775,5.824,1]},
{"frame":147,"values":[-0.0386,0.9993,0,0,-0.9952,-0.0385,-0.0897,0,0.0896,0.0035,-0.996,0,63.7834,-23.2621,11.648,1]},
{"frame":148,"values":[-0.0386,0.9993,0,0,-0.9902,-0.0383,-0.1343,0,0.1342,0.0052,-0.9909,0,63.7834,-23.7493,17.4719,1]},
{"frame":149,"values":[-0.0386,0.9993,0,0,-0.9832,-0.038,-0.1787,0,0.1785,0.0069,-0.9839,0,63.7834,-24.2364,23.2959,1]},
{"frame":150,"values":[-0.0386,0.9993,0,0,-0.9917,-0.0383,-0.1225,0,0.1224,0.0047,-0.9925,0,63.7834,-24.7235,29.1199,1]},
{"frame":151,"values":[-0.0386,0.9993,0,0,-0.9971,-0.0385,-0.0657,0,0.0657,0.0025,-0.9978,0,63.7834,-25.2107,34.9438,1]},
{"frame":152,"values":[-0.0386,0.9993,0,0,-0.9992,-0.0386,-0.0088,0,0.0088,0.0003,-1,0,63.7834,-25.6978,40.7678,1]},
{"frame":153,"values":[-0.0386,0.9993,0,0,-0.9981,-0.0386,0.0481,0,-0.048,-0.0019,-0.9988,0,63.7834,-26.1849,46.5918,1]},
{"frame":154,"values":[-0.0386,0.9993,0,0,-0.9938,-0.0384,0.1048,0,-0.1047,-0.004,-0.9945,0,63.7834,-25.6978,40.7678,1]},
{"frame":155,"values":[-0.0386,0.9993,0,0,-0.9862,-0.0381,0.1612,0,-0.1611,-0.0062,-0.9869,0,63.7834,-25.2107,34.9438,1]},
{"frame":156,"values":[-0.0386,0.9993,0,0,-0.9754,-0.0377,0.2172,0,-0.217,-0.0084,-0.9761,0,63.7834,-24.7235,29.1199,1]},
{"frame":157,"values":[-0.0386,0.9993,0,0,-0.9615,-0.0372,0.2723,0,-0.2721,-0.0105,-0.9622,0,63.7834,-24.2364,23.2959,1]},
{"frame":158,"values":[-0.0386,0.9993,0,0,-0.9779,-0.0378,0.2055,0,-0.2053,-0.0079,-0.9787,0,63.7834,-23.7493,17.4719,1]},
{"frame":159,"values":[-0.0386,0.9993,0,0,-0.9898,-0.0383,0.1375,0,-0.1374,-0.0053,-0.9905,0,63.7834,-23.2621,11.648,1]},
{"frame":160,"values":[-0.0386,0.9993,0,0,-0.9969,-0.0385,0.0688,0,-0.0688,-0.0027,-0.9976,0,63.7834,-22.775,5.824,1]},
{"frame":11,"values":[-0.0386,0.9993,0,0,-0.9993,-0.0386,0,0,0,0,-1,0,63.7834,-22.2879,0,1]},
{"frame":12,"values":[-0.0386,0.9993,0,0,-0.9982,-0.0386,-0.0449,0,0.0448,0.0017,-0.999,0,63.7834,-22.775,5.824,1]},
{"frame":13,"values":[-0.0386,0.9993,0,0,-0.9952,-0.0385,-0.0897,0,0.0896,0.0035,-0.996,0,63.7834,-23.2621,11.648,1]},
{"frame":14,"values":[-0.0386,0.9993,0,0,-0.9902,-0.0383,-0.1343,0,0.1342,0.0052,-0.9909,0,63.7834,-23.7493,17.4719,1]},
{"frame":15,"values":[-0.0386,0.9993,0,0,-0.9832,-0.038,-0.1787,0,0.1785,0.0069,-0.9839,0,63.7834,-24.2364,23.2959,1]},
{"frame":16,"values":[-0.0386,0.9993,0,0,-0.9917,-0.0383,-0.1225,0,0.1224,0.0047,-0.9925,0,63.7834,-24.7235,29.1199,1]},
{"frame":17,"values":[-0.0386,0.9993,0,0,-0.9971,-0.0385,-0.0657,0,0.0657,0.0025,-0.9978,0,63.7834,-25.2107,34.9438,1]},
{"frame":18,"values":[-0.0386,0.9993,0,0,-0.9992,-0.0386,-0.0088,0,0.0088,0.0003,-1,0,63.7834,-25.6978,40.7678,1]},
{"frame":19,"values":[-0.0386,0.9993,0,0,-0.9981,-0.0386,0.0481,0,-0.048,-0.0019,-0.9988,0,63.7834,-26.1849,46.5918,1]},
{"frame":20,"values":[-0.0386,0.9993,0,0,-0.9938,-0.0384,0.1048,0,-0.1047,-0.004,-0.9945,0,63.7834,-25.6978,40.7678,1]},
{"frame":21,"values":[-0.0386,0.9993,0,0,-0.9862,-0.0381,0.1612,0,-0.1611,-0.0062,-0.9869,0,63.7834,-25.2107,34.9438,1]},
{"frame":22,"values":[-0.0386,0.9993,0,0,-0.9754,-0.0377,0.2172,0,-0.217,-0.0084,-0.9761,0,63.7834,-24.7235,29.1199,1]},
{"frame":23,"values":[-0.0386,0.9993,0,0,-0.9615,-0.0372,0.2723,0,-0.2721,-0.0105,-0.9622,0,63.7834,-24.2364,23.2959,1]},
{"frame":24,"values":[-0.0386,0.9993,0,0,-0.9779,-0.0378,0.2055,0,-0.2053,-0.0079,-0.9787,0,63.7834,-23.7493,17.4719,1]},
{"frame":25,"values":[-0.0386,0.9993,0,0,-0.9898,-0.0383,0.1375,0,-0.1374,-0.0053,-0.9905,0,63.7834,-23.2621,11.648,1]},
{"frame":26,"values":[-0.0386,0.9993,0,0,-0.9969,-0.0385,0.0688,0,-0.0688,-0.0027,-0.9976,0,63.7834,-22.775,5.824,1]},
{"frame":27,"values":[-0.0386,0.9993,0,0,-0.9993,-0.0386,0,0,0,0,-1,0,63.7834,-22.2879,0,1]},
{"frame":28,"values":[-0.0386,0.9993,0,0,-0.9982,-0.0386,-0.0449,0,0.0448,0.0017,-0.999,0,63.7834,-22.775,5.824,1]},
{"frame":29,"values":[-0.0386,0.9993,0,0,-0.9952,-0.0385,-0.0897,0,0.0896,0.0035,-0.996,0,63.7834,-23.2621,11.648,1]},
{"frame":30,"values":[-0.0386,0.9993,0,0,-0.9902,-0.0383,-0.1343,0,0.1342,0.0052,-0.9909,0,63.7834,-23.7493,17.4719,1]},
{"frame":31,"values":[-0.0386,0.9993,0,0,-0.9832,-0.038,-0.1787,0,0.1785,0.0069,-0.9839,0,63.7834,-24.2364,23.2959,1]},
{"frame":32,"values":[-0.0386,0.9993,0,0,-0.9917,-0.0383,-0.1225,0,0.1224,0.0047,-0.9925,0,63.7834,-24.7235,29.1199,1]},
{"frame":33,"values":[-0.0386,0.9993,0,0,-0.9971,-0.0385,-0.0657,0,0.0657,0.0025,-0.9978,0,63.7834,-25.2107,34.9438,1]},
{"frame":34,"values":[-0.0386,0.9993,0,0,-0.9992,-0.0386,-0.0088,0,0.0088,0.0003,-1,0,63.7834,-25.6978,40.7678,1]},
{"frame":35,"values":[-0.0386,0.9993,0,0,-0.9981,-0.0386,0.0481,0,-0.048,-0.0019,-0.9988,0,63.7834,-26.1849,46.5918,1]},
{"frame":36,"values":[-0.0386,0.9993,0,0,-0.9938,-0.0384,0.1048,0,-0.1047,-0.004,-0.9945,0,63.7834,-25.6978,40.7678,1]},
{"frame":37,"values":[-0.0386,0.9993,0,0,-0.9862,-0.0381,0.1612,0,-0.1611,-0.0062,-0.9869,0,63.7834,-25.2107,34.9438,1]},
{"frame":38,"values":[-0.0386,0.9993,0,0,-0.9754,-0.0377,0.2172,0,-0.217,-0.0084,-0.9761,0,63.7834,-24.7235,29.1199,1]},
{"frame":39,"values":[-0.0386,0.9993,0,0,-0.9615,-0.0372,0.2723,0,-0.2721,-0.0105,-0.9622,0,63.7834,-24.2364,23.2959,1]},
{"frame":40,"values":[-0.0386,0.9993,0,0,-0.9779,-0.0378,0.2055,0,-0.2053,-0.0079,-0.9787,0,63.7834,-23.7493,17.4719,1]},
{"frame":41,"values":[-0.0386,0.9993,0,0,-0.9898,-0.0383,0.1375,0,-0.1374,-0.0053,-0.9905,0,63.7834,-23.2621,11.648,1]},
{"frame":42,"values":[-0.0386,0.9993,0,0,-0.9969,-0.0385,0.0688,0,-0.0688,-0.0027,-0.9976,0,63.7834,-22.775,5.824,1]},
{"frame":43,"values":[-0.0386,0.9993,0,0,-0.9993,-0.0386,0,0,0,0,-1,0,63.7834,-22.2879,0,1]},
{"frame":44,"values":[-0.0386,0.9993,0,0,-0.9982,-0.0386,-0.0449,0,0.0448,0.0017,-0.999,0,63.7834,-22.775,5.824,1]},
{"frame":45,"values":[-0.0386,0.9993,0,0,-0.9952,-0.0385,-0.0897,0,0.0896,0.0035,-0.996,0,63.7834,-23.2621,11.648,1]},
{"frame":46,"values":[-0.0386,0.9993,0,0,-0.9902,-0.0383,-0.1343,0,0.1342,0.0052,-0.9909,0,63.7834,-23.7493,17.4719,1]},
{"frame":47,"values":[-0.0386,0.9993,0,0,-0.9832,-0.038,-0.1787,0,0.1785,0.0069,-0.9839,0,63.7834,-24.2364,23.2959,1]},
{"frame":48,"values":[-0.0386,0.9993,0,0,-0.9917,-0.0383,-0.1225,0,0.1224,0.0047,-0.9925,0,63.7834,-24.7235,29.1199,1]},
{"frame":49,"values":[-0.0386,0.9993,0,0,-0.9971,-0.0385,-0.0657,0,0.0657,0.0025,-0.9978,0,63.7834,-25.2107,34.9438,1]},
{"frame":50,"values":[-0.0386,0.9993,0,0,-0.9992,-0.0386,-0.0088,0,0.0088,0.0003,-1,0,63.7834,-25.6978,40.7678,1]},
{"frame":51,"values":[-0.0386,0.9993,0,0,-0.9981,-0.0386,0.0481,0,-0.048,-0.0019,-0.9988,0,63.7834,-26.1849,46.5918,1]},
{"frame":52,"values":[-0.0386,0.9993,0,0,-0.9938,-0.0384,0.1048,0,-0.1047,-0.004,-0.9945,0,63.7834,-25.6978,40.7678,1]},
{"frame":53,"values":[-0.0386,0.9993,0,0,-0.9862,-0.0381,0.1612,0,-0.1611,-0.0062,-0.9869,0,63.7834,-25.2107,34.9438,1]},
{"frame":54,"values":[-0.0386,0.9993,0,0,-0.9754,-0.0377,0.2172,0,-0.217,-0.0084,-0.9761,0,63.7834,-24.7235,29.1199,1]},
{"frame":55,"values":[-0.0386,0.9993,0,0,-0.9615,-0.0372,0.2723,0,-0.2721,-0.0105,-0.9622,0,63.7834,-24.2364,23.2959,1]},
{"frame":56,"values":[-0.0386,0.9993,0,0,-0.9779,-0.0378,0.2055,0,-0.2053,-0.0079,-0.9787,0,63.7834,-23.7493,17.4719,1]},
{"frame":57,"values":[-0.0386,0.9993,0,0,-0.9898,-0.0383,0.1375,0,-0.1374,-0.0053,-0.9905,0,63.7834,-23.2621,11.648,1]},
{"frame":58,"values":[-0.0386,0.9993,0,0,-0.9969,-0.0385,0.0688,0,-0.0688,-0.0027,-0.9976,0,63.7834,-22.775,5.824,1]},
{"frame":59,"values":[-0.0386,0.9993,0,0,-0.9993,-0.0386,0,0,0,0,-1,0,63.7834,-22.2879,0,1]},
{"frame":60,"values":[-0.0386,0.9993,0,0,-0.9982,-0.0386,-0.0449,0,0.0448,0.0017,-0.999,0,63.7834,-22.775,5.824,1]},
{"frame":61,"values":[-0.0386,0.9993,0,0,-0.9952,-0.0385,-0.0897,0,0.0896,0.0035,-0.996,0,63.7834,-23.2621,11.648,1]},
{"frame":62,"values":[-0.0386,0.9993,0,0,-0.9902,-0.0383,-0.1343,0,0.1342,0.0052,-0.9909,0,63.7834,-23.7493,17.4719,1]},
{"frame":63,"values":[-0.0386,0.9993,0,0,-0.9832,-0.038,-0.1787,0,0.1785,0.0069,-0.9839,0,63.7834,-24.2364,23.2959,1]},
{"frame":64,"values":[-0.0386,0.9993,0,0,-0.9917,-0.0383,-0.1225,0,0.1224,0.0047,-0.9925,0,63.7834,-24.7235,29.1199,1]},
{"frame":65,"values":[-0.0386,0.9993,0,0,-0.9971,-0.0385,-0.0657,0,0.0657,0.0025,-0.9978,0,63.7834,-25.2107,34.9438,1]},
{"frame":66,"values":[-0.0386,0.9993,0,0,-0.9992,-0.0386,-0.0088,0,0.0088,0.0003,-1,0,63.7834,-25.6978,40.7678,1]},
{"frame":67,"values":[-0.0386,0.9993,0,0,-0.9981,-0.0386,0.0481,0,-0.048,-0.0019,-0.9988,0,63.7834,-26.1849,46.5918,1]},
{"frame":68,"values":[-0.0386,0.9993,0,0,-0.9938,-0.0384,0.1048,0,-0.1047,-0.004,-0.9945,0,63.7834,-25.6978,40.7678,1]},
{"frame":69,"values":[-0.0386,0.9993,0,0,-0.9862,-0.0381,0.1612,0,-0.1611,-0.0062,-0.9869,0,63.7834,-25.2107,34.9438,1]},
{"frame":70,"values":[-0.0386,0.9993,0,0,-0.9754,-0.0377,0.2172,0,-0.217,-0.0084,-0.9761,0,63.7834,-24.7235,29.1199,1]},
{"frame":71,"values":[-0.0386,0.9993,0,0,-0.9615,-0.0372,0.2723,0,-0.2721,-0.0105,-0.9622,0,63.7834,-24.2364,23.2959,1]},
{"frame":72,"values":[-0.0386,0.9993,0,0,-0.9779,-0.0378,0.2055,0,-0.2053,-0.0079,-0.9787,0,63.7834,-23.7493,17.4719,1]},
{"frame":73,"values":[-0.0386,0.9993,0,0,-0.9898,-0.0383,0.1375,0,-0.1374,-0.0053,-0.9905,0,63.7834,-23.2621,11.648,1]},
{"frame":74,"values":[-0.0386,0.9993,0,0,-0.9969,-0.0385,0.0688,0,-0.0688,-0.0027,-0.9976,0,63.7834,-22.775,5.824,1]},
{"frame":75,"values":[-0.0386,0.9993,0,0,-0.9993,-0.0386,0,0,0,0,-1,0,63.7834,-22.2879,0,1]},
{"frame":76,"values":[-0.0386,0.9993,0,0,-0.9982,-0.0386,-0.0449,0,0.0448,0.0017,-0.999,0,63.7834,-22.775,5.824,1]},
{"frame":77,"values":[-0.0386,0.9993,0,0,-0.9952,-0.0385,-0.0897,0,0.0896,0.0035,-0.996,0,63.7834,-23.2621,11.648,1]},
{"frame":78,"values":[-0.0386,0.9993,0,0,-0.9902,-0.0383,-0.1343,0,0.1342,0.0052,-0.9909,0,63.7834,-23.7493,17.4719,1]},
{"frame":79,"values":[-0.0386,0.9993,0,0,-0.9832,-0.038,-0.1787,0,0.1785,0.0069,-0.9839,0,63.7834,-24.2364,23.2959,1]},
{"frame":80,"values":[-0.0386,0.9993,0,0,-0.9917,-0.0383,-0.1225,0,0.1224,0.0047,-0.9925,0,63.7834,-24.7235,29.1199,1]},
{"frame":81,"values":[-0.0386,0.9993,0,0,-0.9971,-0.0385,-0.0657,0,0.0657,0.0025,-0.9978,0,63.7834,-25.2107,34.9438,1]},
{"frame":82,"values":[-0.0386,0.9993,0,0,-0.9992,-0.0386,-0.0088,0,0.0088,0.0003,-1,0,63.7834,-25.6978,40.7678,1]},
{"frame":83,"values":[-0.0386,0.9993,0,0,-0.9981,-0.0386,0.0481,0,-0.048,-0.0019,-0.9988,0,63.7834,-26.1849,46.5918,1]},
{"frame":84,"values":[-0.0386,0.9993,0,0,-0.9938,-0.0384,0.1048,0,-0.1047,-0.004,-0.9945,0,63.7834,-25.6978,40.7678,1]},
{"frame":85,"values":[-0.0386,0.9993,0,0,-0.9862,-0.0381,0.1612,0,-0.1611,-0.0062,-0.9869,0,63.7834,-25.2107,34.9438,1]},
{"frame":86,"values":[-0.0386,0.9993,0,0,-0.9754,-0.0377,0.2172,0,-0.217,-0.0084,-0.9761,0,63.7834,-24.7235,29.1199,1]},
{"frame":87,"values":[-0.0386,0.9993,0,0,-0.9615,-0.0372,0.2723,0,-0.2721,-0.0105,-0.9622,0,63.7834,-24.2364,23.2959,1]},
{"frame":88,"values":[-0.0386,0.9993,0,0,-0.9779,-0.0378,0.2055,0,-0.2053,-0.0079,-0.9787,0,63.7834,-23.7493,17.4719,1]},
{"frame":89,"values":[-0.0386,0.9993,0,0,-0.9898,-0.0383,0.1375,0,-0.1374,-0.0053,-0.9905,0,63.7834,-23.2621,11.648,1]},
{"frame":90,"values":[-0.0386,0.9993,0,0,-0.9969,-0.0385,0.0688,0,-0.0688,-0.0027,-0.9976,0,63.7834,-22.775,5.824,1]},
{"frame":91,"values":[-0.0386,0.9993,0,0,-0.9993,-0.0386,0,0,0,0,-1,0,63.7834,-22.2879,0,1]},
{"frame":92,"values":[-0.0386,0.9993,0,0,-0.9982,-0.0386,-0.0449,0,0.0448,0.0017,-0.999,0,63.7834,-22.775,5.824,1]},
{"frame":93,"values":[-0.0386,0.9993,0,0,-0.9952,-0.0385,-0.0897,0,0.0896,0.0035,-0.996,0,63.7834,-23.2621,11.648,1]},
{"frame":94,"values":[-0.0386,0.9993,0,0,-0.9902,-0.0383,-0.1343,0,0.1342,0.0052,-0.9909,0,63.7834,-23.7493,17.4719,1]},
{"frame":95,"values":[-0.0386,0.9993,0,0,-0.9832,-0.038,-0.1787,0,0.1785,0.0069,-0.9839,0,63.7834,-24.2364,23.2959,1]},
{"frame":96,"values":[-0.0386,0.9993,0,0,-0.9917,-0.0383,-0.1225,0,0.1224,0.0047,-0.9925,0,63.7834,-24.7235,29.1199,1]},
{"frame":97,"values":[-0.0386,0.9993,0,0,-0.9971,-0.0385,-0.0657,0,0.0657,0.0025,-0.9978,0,63.7834,-25.2107,34.9438,1]},
{"frame":98,"values":[-0.0386,0.9993,0,0,-0.9992,-0.0386,-0.0088,0,0.0088,0.0003,-1,0,63.7834,-25.6978,40.7678,1]},
{"frame":99,"values":[-0.0386,0.9993,0,0,-0.9981,-0.0386,0.0481,0,-0.048,-0.0019,-0.9988,0,63.7834,-26.1849,46.5918,1]},
{"frame":100,"values":[-0.0386,0.9993,0,0,-0.9938,-0.0384,0.1048,0,-0.1047,-0.004,-0.9945,0,63.7834,-25.6978,40.7678,1]},
{"frame":101,"values":[-0.0386,0.9993,0,0,-0.9862,-0.0381,0.1612,0,-0.1611,-0.0062,-0.9869,0,63.7834,-25.2107,34.9438,1]},
{"frame":102,"values":[-0.0386,0.9993,0,0,-0.9754,-0.0377,0.2172,0,-0.217,-0.0084,-0.9761,0,63.7834,-24.7235,29.1199,1]},
{"frame":103,"values":[-0.0386,0.9993,0,0,-0.9615,-0.0372,0.2723,0,-0.2721,-0.0105,-0.9622,0,63.7834,-24.2364,23.2959,1]},
{"frame":104,"values":[-0.0386,0.9993,0,0,-0.9779,-0.0378,0.2055,0,-0.2053,-0.0079,-0.9787,0,63.7834,-23.7493,17.4719,1]},
{"frame":105,"values":[-0.0386,0.9993,0,0,-0.9898,-0.0383,0.1375,0,-0.1374,-0.0053,-0.9905,0,63.7834,-23.2621,11.648,1]},
{"frame":106,"values":[-0.0386,0.9993,0,0,-0.9969,-0.0385,0.0688,0,-0.0688,-0.0027,-0.9976,0,63.7834,-22.775,5.824,1]},
{"frame":107,"values":[-0.0386,0.9993,0,0,-0.9993,-0.0386,0,0,0,0,-1,0,63.7834,-22.2879,0,1]},
{"frame":108,"values":[-0.0386,0.9993,0,0,-0.9982,-0.0386,-0.0449,0,0.0448,0.0017,-0.999,0,63.7834,-22.775,5.824,1]},
{"frame":109,"values":[-0.0386,0.9993,0,0,-0.9952,-0.0385,-0.0897,0,0.0896,0.0035,-0.996,0,63.7834,-23.2621,11.648,1]},
{"frame":110,"values":[-0.0386,0.9993,0,0,-0.9902,-0.0383,-0.1343,0,0.1342,0.0052,-0.9909,0,63.7834,-23.7493,17.4719,1]},
{"frame":111,"values":[-0.0386,0.9993,0,0,-0.9832,-0.038,-0.1787,0,0.1785,0.0069,-0.9839,0,63.7834,-24.2364,23.2959,1]},
{"frame":112,"values":[-0.0386,0.9993,0,0,-0.9917,-0.0383,-0.1225,0,0.1224,0.0047,-0.9925,0,63.7834,-24.7235,29.1199,1]},
{"frame":113,"values":[-0.0386,0.9993,0,0,-0.9971,-0.0385,-0.0657,0,0.0657,0.0025,-0.9978,0,63.7834,-25.2107,34.9438,1]},
{"frame":114,"values":[-0.0386,0.9993,0,0,-0.9992,-0.0386,-0.0088,0,0.0088,0.0003,-1,0,63.7834,-25.6978,40.7678,1]},
{"frame":115,"values":[-0.0386,0.9993,0,0,-0.9981,-0.0386,0.0481,0,-0.048,-0.0019,-0.9988,0,63.7834,-26.1849,46.5918,1]},
{"frame":116,"values":[-0.0386,0.9993,0,0,-0.9938,-0.0384,0.1048,0,-0.1047,-0.004,-0.9945,0,63.7834,-25.6978,40.7678,1]},
{"frame":117,"values":[-0.0386,0.9993,0,0,-0.9862,-0.0381,0.1612,0,-0.1611,-0.0062,-0.9869,0,63.7834,-25.2107,34.9438,1]},
{"frame":118,"values":[-0.0386,0.9993,0,0,-0.9754,-0.0377,0.2172,0,-0.217,-0.0084,-0.9761,0,63.7834,-24.7235,29.1199,1]},
{"frame":119,"values":[-0.0386,0.9993,0,0,-0.9615,-0.0372,0.2723,0,-0.2721,-0.0105,-0.9622,0,63.7834,-24.2364,23.2959,1]},
{"frame":120,"values":[-0.0386,0.9993,0,0,-0.9779,-0.0378,0.2055,0,-0.2053,-0.0079,-0.9787,0,63.7834,-23.7493,17.4719,1]},
{"frame":121,"values":[-0.0386,0.9993,0,0,-0.9898,-0.0383,0.1375,0,-0.1374,-0.0053,-0.9905,0,63.7834,-23.2621,11.648,1]},
{"frame":122,"values":[-0.0386,0.9993,0,0,-0.9969,-0.0385,0.0688,0,-0.0688,-0.0027,-0.9976,0,63.7834,-22.775,5.824,1]},
{"frame":123,"values":[-0.0386,0.9993,0,0,-0.9993,-0.0386,0,0,0,0,-1,0,63.7834,-22.2879,0,1]},
{"frame":124,"values":[-0.0386,0.9993,0,0,-0.9982,-0.0386,-0.0449,0,0.0448,0.0017,-0.999,0,63.7834,-22.775,5.824,1]},
{"frame":125,"values":[-0.0386,0.9993,0,0,-0.9952,-0.0385,-0.0897,0,0.0896,0.0035,-0.996,0,63.7834,-23.2621,11.648,1]},
{"frame":126,"values":[-0.0386,0.9993,0,0,-0.9902,-0.0383,-0.1343,0,0.1342,0.0052,-0.9909,0,63.7834,-23.7493,17.4719,1]},
{"frame":127,"values":[-0.0386,0.9993,0,0,-0.9832,-0.038,-0.1787,0,0.1785,0.0069,-0.9839,0,63.7834,-24.2364,23.2959,1]},
{"frame":128,"values":[-0.0386,0.9993,0,0,-0.9917,-0.0383,-0.1225,0,0.1224,0.0047,-0.9925,0,63.7834,-24.7235,29.1199,1]},
{"frame":129,"values":[-0.0386,0.9993,0,0,-0.9971,-0.0385,-0.0657,0,0.0657,0.0025,-0.9978,0,63.7834,-25.2107,34.9438,1]},
{"frame":130,"values":[-0.0386,0.9993,0,0,-0.9992,-0.0386,-0.0088,0,0.0088,0.0003,-1,0,63.7834,-25.6978,40.7678,1]},
{"frame":131,"values":[-0.0386,0.9993,0,0,-0.9981,-0.0386,0.0481,0,-0.048,-0.0019,-0.9988,0,63.7834,-26.1849,46.5918,1]},
{"frame":132,"values":[-0.0386,0.9993,0,0,-0.9938,-0.0384,0.1048,0,-0.1047,-0.004,-0.9945,0,63.7834,-25.6978,40.7678,1]},
{"frame":133,"values":[-0.0386,0.9993,0,0,-0.9862,-0.0381,0.1612,0,-0.1611,-0.0062,-0.9869,0,63.7834,-25.2107,34.9438,1]},
{"frame":134,"values":[-0.0386,0.9993,0,0,-0.9754,-0.0377,0.2172,0,-0.217,-0.0084,-0.9761,0,63.7834,-24.7235,29.1199,1]},
{"frame":135,"values":[-0.0386,0.9993,0,0,-0.9615,-0.0372,0.2723,0,-0.2721,-0.0105,-0.9622,0,63.7834,-24.2364,23.2959,1]},
{"frame":136,"values":[-0.0386,0.9993,0,0,-0.9779,-0.0378,0.2055,0,-0.2053,-0.0079,-0.9787,0,63.7834,-23.7493,17.4719,1]},
{"frame":137,"values":[-0.0386,0.9993,0,0,-0.9898,-0.0383,0.1375,0,-0.1374,-0.0053,-0.9905,0,63.7834,-23.2621,11.648,1]},
{"frame":138,"values":[-0.0386,0.9993,0,0,-0.9969,-0.0385,0.0688,0,-0.0688,-0.0027,-0.9976,0,63.7834,-22.775,5.824,1]},
{"frame":139,"values":[-0.0386,0.9993,0,0,-0.9993,-0.0386,0,0,0,0,-1,0,63.7834,-22.2879,0,1]},
{"frame":140,"values":[-0.0386,0.9993,0,0,-0.9982,-0.0386,-0.0449,0,0.0448,0.0017,-0.999,0,63.7834,-22.775,5.824,1]},
{"frame":141,"values":[-0.0386,0.9993,0,0,-0.9952,-0.0385,-0.0897,0,0.0896,0.0035,-0.996,0,63.7834,-23.2621,11.648,1]},
{"frame":142,"values":[-0.0386,0.9993,0,0,-0.9902,-0.0383,-0.1343,0,0.1342,0.0052,-0.9909,0,63.7834,-23.7493,17.4719,1]},
{"frame":143,"values":[-0.0386,0.9993,0,0,-0.9832,-0.038,-0.1787,0,0.1785,0.0069,-0.9839,0,63.7834,-24.2364,23.2959,1]},
{"frame":144,"values":[-0.0386,0.9993,0,0,-0.9917,-0.0383,-0.1225,0,0.1224,0.0047,-0.9925,0,63.7834,-24.7235,29.1199,1]},
{"frame":145,"values":[-0.0386,0.9993,0,0,-0.9971,-0.0385,-0.0657,0,0.0657,0.0025,-0.9978,0,63.7834,-25.2107,34.9438,1]},
{"frame":146,"values":[-0.0386,0.9993,0,0,-0.9992,-0.0386,-0.0088,0,0.0088,0.0003,-1,0,63.7834,-25.6978,40.7678,1]},
{"frame":147,"values":[-0.0386,0.9993,0,0,-0.9981,-0.0386,0.0481,0,-0.048,-0.0019,-0.9988,0,63.7834,-26.1849,46.5918,1]},
{"frame":148,"values":[-0.0386,0.9993,0,0,-0.9938,-0.0384,0.1048,0,-0.1047,-0.004,-0.9945,0,63.7834,-25.6978,40.7678,1]},
{"frame":149,"values":[-0.0386,0.9993,0,0,-0.9862,-0.0381,0.1612,0,-0.1611,-0.0062,-0.9869,0,63.7834,-25.2107,34.9438,1]},
{"frame":150,"values":[-0.0386,0.9993,0,0,-0.9754,-0.0377,0.2172,0,-0.217,-0.0084,-0.9761,0,63.7834,-24.7235,29.1199,1]},
{"frame":151,"values":[-0.0386,0.9993,0,0,-0.9615,-0.0372,0.2723,0,-0.2721,-0.0105,-0.9622,0,63.7834,-24.2364,23.2959,1]},
{"frame":152,"values":[-0.0386,0.9993,0,0,-0.9779,-0.0378,0.2055,0,-0.2053,-0.0079,-0.9787,0,63.7834,-23.7493,17.4719,1]},
{"frame":153,"values":[-0.0386,0.9993,0,0,-0.9898,-0.0383,0.1375,0,-0.1374,-0.0053,-0.9905,0,63.7834,-23.2621,11.648,1]},
{"frame":154,"values":[-0.0386,0.9993,0,0,-0.9969,-0.0385,0.0688,0,-0.0688,-0.0027,-0.9976,0,63.7834,-22.775,5.824,1]},
{"frame":155,"values":[-0.0386,0.9993,0,0,-0.9993,-0.0386,0,0,0,0,-1,0,63.7834,-22.2879,0,1]},
{"frame":156,"values":[-0.0386,0.9993,0,0,-0.9982,-0.0386,-0.0449,0,0.0448,0.0017,-0.999,0,63.7834,-22.775,5.824,1]},
{"frame":157,"values":[-0.0386,0.9993,0,0,-0.9952,-0.0385,-0.0897,0,0.0896,0.0035,-0.996,0,63.7834,-23.2621,11.648,1]},
{"frame":158,"values":[-0.0386,0.9993,0,0,-0.9902,-0.0383,-0.1343,0,0.1342,0.0052,-0.9909,0,63.7834,-23.7493,17.4719,1]},
{"frame":159,"values":[-0.0386,0.9993,0,0,-0.9832,-0.038,-0.1787,0,0.1785,0.0069,-0.9839,0,63.7834,-24.2364,23.2959,1]},
{"frame":160,"values":[-0.0386,0.9993,0,0,-0.9917,-0.0383,-0.1225,0,0.1224,0.0047,-0.9925,0,63.7834,-24.7235,29.1199,1]},
{"frame":161,"values":[-0.0386,0.9993,0,0,-0.9971,-0.0385,-0.0657,0,0.0657,0.0025,-0.9978,0,63.7834,-25.2107,34.9438,1]},
{"frame":162,"values":[-0.0386,0.9993,0,0,-0.9992,-0.0386,-0.0088,0,0.0088,0.0003,-1,0,63.7834,-25.6978,40.7678,1]},
{"frame":163,"values":[-0.0386,0.9993,0,0,-0.9981,-0.0386,0.0481,0,-0.048,-0.0019,-0.9988,0,63.7834,-26.1849,46.5918,1]},
{"frame":164,"values":[-0.0386,0.9993,0,0,-0.9938,-0.0384,0.1048,0,-0.1047,-0.004,-0.9945,0,63.7834,-25.6978,40.7678,1]},
{"frame":165,"values":[-0.0386,0.9993,0,0,-0.9862,-0.0381,0.1612,0,-0.1611,-0.0062,-0.9869,0,63.7834,-25.2107,34.9438,1]},
{"frame":166,"values":[-0.0386,0.9993,0,0,-0.9754,-0.0377,0.2172,0,-0.217,-0.0084,-0.9761,0,63.7834,-24.7235,29.1199,1]},
{"frame":167,"values":[-0.0386,0.9993,0,0,-0.9615,-0.0372,0.2723,0,-0.2721,-0.0105,-0.9622,0,63.7834,-24.2364,23.2959,1]},
{"frame":168,"values":[-0.0386,0.9993,0,0,-0.9779,-0.0378,0.2055,0,-0.2053,-0.0079,-0.9787,0,63.7834,-23.7493,17.4719,1]},
{"frame":169,"values":[-0.0386,0.9993,0,0,-0.9898,-0.0383,0.1375,0,-0.1374,-0.0053,-0.9905,0,63.7834,-23.2621,11.648,1]},
{"frame":170,"values":[-0.0386,0.9993,0,0,-0.9969,-0.0385,0.0688,0,-0.0688,-0.0027,-0.9976,0,63.7834,-22.775,5.824,1]},
{"frame":171,"values":[-0.0386,0.9993,0,0,-0.9993,-0.0386,0,0,0,0,-1,0,63.7834,-22.2879,0,1]},
{"frame":172,"values":[-0.0386,0.9993,0,0,-0.9982,-0.0386,-0.0449,0,0.0448,0.0017,-0.999,0,63.7834,-22.775,5.824,1]},
{"frame":173,"values":[-0.0386,0.9993,0,0,-0.9952,-0.0385,-0.0897,0,0.0896,0.0035,-0.996,0,63.7834,-23.2621,11.648,1]},
{"frame":174,"values":[-0.0386,0.9993,0,0,-0.9902,-0.0383,-0.1343,0,0.1342,0.0052,-0.9909,0,63.7834,-23.7493,17.4719,1]},
{"frame":175,"values":[-0.0386,0.9993,0,0,-0.9832,-0.038,-0.1787,0,0.1785,0.0069,-0.9839,0,63.7834,-24.2364,23.2959,1]},
{"frame":176,"values":[-0.0386,0.9993,0,0,-0.9917,-0.0383,-0.1225,0,0.1224,0.0047,-0.9925,0,63.7834,-24.7235,29.1199,1]},
{"frame":177,"values":[-0.0386,0.9993,0,0,-0.9971,-0.0385,-0.0657,0,0.0657,0.0025,-0.9978,0,63.7834,-25.2107,34.9438,1]},
