{"producer":{"name":"Blender","version":"2.79 (sub 0)","exporter_version":"5.6.3","file":"Fish23.babylon"},
"autoClear":true,"clearColor":[0.0509,0.0509,0.0509],"ambientColor":[0,0,0],"gravity":[0,-9.81,0],
"materials":[{"name":"Fish23.ca_heo_texture_low","id":"Fish23.ca_heo_texture_low","ambient":[1,1,1],"diffuse":[0.8,0.8,0.8],"specular":[0.5,0.5,0.5],"emissive":[0,0,0],"specularPower":49,"alpha":1,"backFaceCulling":true,"checkReadyOnlyOnce":false,"maxSimultaneousLights":4, 
"diffuseTexture":{"name":"","level":1,"hasAlpha":1,"coordinatesMode":0,"uOffset":0,"vOffset":0,"uScale":1,"vScale":1,"uAng":0,"vAng":0,"wAng":0,"wrapU":1,"wrapV":1,"coordinatesIndex":0}}],
"multiMaterials":[],
"skeletons":[{"name":"xuong:ca_heo","id":0,"dimensionsAtRest":[202.2576,102.0289,117.1566],"bones":[
{"name":"xuong:xuong:be_root01","index":0,"matrix":[1,0,0,0,0,1,0,0,0,0,-1,0,16.707,-9.2312,0,1],"rest":[1,0,0,0,0,1,0,0,0,0,-1,0,16.707,-9.2312,0,1],"parentBoneIndex":-1,"length":0.01
,"animation":{"dataType":3,"framePerSecond":24,"keys":[
{"frame":1,"values":[1,0,0,0,0,1,0,0,0,0,-1,0,16.707,-9.2312,0,1]},
{"frame":65,"values":[1,0,0,0,0,1,0,0,0,0,-1,0,16.707,-9.2312,0,1]},
{"frame":71,"values":[1,0,0,0,0,1,0,0,0,0,-1,0,16.707,-9.2312,0,1]},
{"frame":135,"values":[1,0,0,0,0,1,0,0,0,0,-1,0,16.707,-9.2312,0,1]}],"loopBehavior":1,"name":"anim","property":"_matrix"}},
{"name":"xuong:xuong:bn_tail01","index":1,"matrix":[-0.9955,0.0949,0,0,0.0949,0.9955,0,0,0,0,-1,0,0,0,0,1],"rest":[-1,0.0083,0,0,0.0083,1,0,0,0,0,-1,0,0,0,0,1],"parentBoneIndex":0,"length":14.1871
,"animation":{"dataType":3,"framePerSecond":24,"keys":[
{"frame":1,"values":[-0.9955,0.0949,0,0,0.0949,0.9955,0,0,0,0,-1,0,0,0,0,1]},
{"frame":2,"values":[-0.9982,0.0592,0,0,0.0592,0.9982,0,0,0,0,-1,0,0,0,0,1]},
{"frame":3,"values":[-0.9998,0.0214,0,0,0.0214,0.9998,0,0,0,0,-1,0,0,0,0,1]},
{"frame":4,"values":[-0.9999,-0.0169,0,0,-0.0169,0.9999,0,0,0,0,-1,0,0,0,0,1]},
{"frame":5,"values":[-0.9985,-0.0544,0,0,-0.0544,0.9985,0,0,0,0,-1,0,0,0,0,1]},
{"frame":6,"values":[-0.996,-0.0891,0,0,-0.0891,0.996,0,0,0,0,-1,0,0,0,0,1]},
{"frame":7,"values":[-0.9928,-0.1198,0,0,-0.1198,0.9928,0,0,0,0,-1,0,0,0,0,1]},
{"frame":8,"values":[-0.9894,-0.1456,0,0,-0.1456,0.9894,0,0,0,0,-1,0,0,0,0,1]},
{"frame":9,"values":[-0.9862,-0.1655,0,0,-0.1655,0.9862,0,0,0,0,-1,0,0,0,0,1]},
{"frame":10,"values":[-0.984,-0.1781,0,0,-0.1781,0.984,0,0,0,0,-1,0,0,0,0,1]},
{"frame":11,"values":[-0.983,-0.1839,0,0,-0.1839,0.983,0,0,0,0,-1,0,0,0,0,1]},
{"frame":12,"values":[-0.9832,-0.1828,0,0,-0.1828,0.9832,0,0,0,0,-1,0,0,0,0,1]},
{"frame":13,"values":[-0.9846,-0.1749,0,0,-0.1749,0.9846,0,0,0,0,-1,0,0,0,0,1]},
{"frame":14,"values":[-0.9872,-0.1593,0,0,-0.1593,0.9872,0,0,0,0,-1,0,0,0,0,1]},
{"frame":15,"values":[-0.9905,-0.1376,0,0,-0.1376,0.9905,0,0,0,0,-1,0,0,0,0,1]},
{"frame":16,"values":[-0.9939,-0.1104,0,0,-0.1104,0.9939,0,0,0,0,-1,0,0,0,0,1]},
{"frame":17,"values":[-0.9969,-0.0786,0,0,-0.0786,0.9969,0,0,0,0,-1,0,0,0,0,1]},
{"frame":18,"values":[-0.9991,-0.0427,0,0,-0.0427,0.9991,0,0,0,0,-1,0,0,0,0,1]},
{"frame":19,"values":[-1,-0.0049,0,0,-0.0049,1,0,0,0,0,-1,0,0,0,0,1]},
{"frame":20,"values":[-0.9994,0.0334,0,0,0.0334,0.9994,0,0,0,0,-1,0,0,0,0,1]},
{"frame":21,"values":[-0.9975,0.0709,0,0,0.0709,0.9975,0,0,0,0,-1,0,0,0,0,1]},
{"frame":22,"values":[-0.9944,0.1054,0,0,0.1054,0.9944,0,0,0,0,-1,0,0,0,0,1]},
{"frame":23,"values":[-0.9907,0.136,0,0,0.136,0.9907,0,0,0,0,-1,0,0,0,0,1]},
{"frame":24,"values":[-0.9869,0.1615,0,0,0.1615,0.9869,0,0,0,0,-1,0,0,0,0,1]},
{"frame":25,"values":[-0.9834,0.1814,0,0,0.1814,0.9834,0,0,0,0,-1,0,0,0,0,1]},
{"frame":26,"values":[-0.981,0.1938,0,0,0.1938,0.981,0,0,0,0,-1,0,0,0,0,1]},
{"frame":27,"values":[-0.9799,0.1995,0,0,0.1995,0.9799,0,0,0,0,-1,0,0,0,0,1]},
{"frame":28,"values":[-0.9801,0.1984,0,0,0.1984,0.9801,0,0,0,0,-1,0,0,0,0,1]},
{"frame":29,"values":[-0.9817,0.1905,0,0,0.1905,0.9817,0,0,0,0,-1,0,0,0,0,1]},
{"frame":30,"values":[-0.9846,0.1751,0,0,0.1751,0.9846,0,0,0,0,-1,0,0,0,0,1]},
{"frame":31,"values":[-0.9881,0.1535,0,0,0.1535,0.9881,0,0,0,0,-1,0,0,0,0,1]},
{"frame":32,"values":[-0.992,0.1265,0,0,0.1265,0.992,0,0,0,0,-1,0,0,0,0,1]},
{"frame":33,"values":[-0.9955,0.0949,0,0,0.0949,0.9955,0,0,0,0,-1,0,0,0,0,1]},
{"frame":34,"values":[-0.9982,0.0592,0,0,0.0592,0.9982,0,0,0,0,-1,0,0,0,0,1]},
{"frame":35,"values":[-0.9998,0.0214,0,0,0.0214,0.9998,0,0,0,0,-1,0,0,0,0,1]},
{"frame":36,"values":[-0.9999,-0.0169,0,0,-0.0169,0.9999,0,0,0,0,-1,0,0,0,0,1]},
{"frame":37,"values":[-0.9985,-0.0544,0,0,-0.0544,0.9985,0,0,0,0,-1,0,0,0,0,1]},
{"frame":38,"values":[-0.996,-0.0891,0,0,-0.0891,0.996,0,0,0,0,-1,0,0,0,0,1]},
{"frame":39,"values":[-0.9928,-0.1198,0,0,-0.1198,0.9928,0,0,0,0,-1,0,0,0,0,1]},
{"frame":40,"values":[-0.9894,-0.1456,0,0,-0.1456,0.9894,0,0,0,0,-1,0,0,0,0,1]},
{"frame":41,"values":[-0.9862,-0.1655,0,0,-0.1655,0.9862,0,0,0,0,-1,0,0,0,0,1]},
{"frame":42,"values":[-0.984,-0.1781,0,0,-0.1781,0.984,0,0,0,0,-1,0,0,0,0,1]},
{"frame":43,"values":[-0.983,-0.1839,0,0,-0.1839,0.983,0,0,0,0,-1,0,0,0,0,1]},
{"frame":44,"values":[-0.9832,-0.1828,0,0,-0.1828,0.9832,0,0,0,0,-1,0,0,0,0,1]},
{"frame":45,"values":[-0.9846,-0.1749,0,0,-0.1749,0.9846,0,0,0,0,-1,0,0,0,0,1]},
{"frame":46,"values":[-0.9872,-0.1593,0,0,-0.1593,0.9872,0,0,0,0,-1,0,0,0,0,1]},
{"frame":47,"values":[-0.9905,-0.1376,0,0,-0.1376,0.9905,0,0,0,0,-1,0,0,0,0,1]},
{"frame":48,"values":[-0.9939,-0.1104,0,0,-0.1104,0.9939,0,0,0,0,-1,0,0,0,0,1]},
{"frame":49,"values":[-0.9969,-0.0786,0,0,-0.0786,0.9969,0,0,0,0,-1,0,0,0,0,1]},
{"frame":50,"values":[-0.9991,-0.0427,0,0,-0.0427,0.9991,0,0,0,0,-1,0,0,0,0,1]},
{"frame":51,"values":[-1,-0.0049,0,0,-0.0049,1,0,0,0,0,-1,0,0,0,0,1]},
{"frame":52,"values":[-0.9994,0.0334,0,0,0.0334,0.9994,0,0,0,0,-1,0,0,0,0,1]},
{"frame":53,"values":[-0.9975,0.0709,0,0,0.0709,0.9975,0,0,0,0,-1,0,0,0,0,1]},
{"frame":54,"values":[-0.9944,0.1054,0,0,0.1054,0.9944,0,0,0,0,-1,0,0,0,0,1]},
{"frame":55,"values":[-0.9907,0.136,0,0,0.136,0.9907,0,0,0,0,-1,0,0,0,0,1]},
{"frame":56,"values":[-0.9869,0.1615,0,0,0.1615,0.9869,0,0,0,0,-1,0,0,0,0,1]},
{"frame":57,"values":[-0.9834,0.1814,0,0,0.1814,0.9834,0,0,0,0,-1,0,0,0,0,1]},
{"frame":58,"values":[-0.981,0.1938,0,0,0.1938,0.981,0,0,0,0,-1,0,0,0,0,1]},
{"frame":59,"values":[-0.9799,0.1995,0,0,0.1995,0.9799,0,0,0,0,-1,0,0,0,0,1]},
{"frame":60,"values":[-0.9801,0.1984,0,0,0.1984,0.9801,0,0,0,0,-1,0,0,0,0,1]},
{"frame":61,"values":[-0.9817,0.1905,0,0,0.1905,0.9817,0,0,0,0,-1,0,0,0,0,1]},
{"frame":62,"values":[-0.9846,0.1751,0,0,0.1751,0.9846,0,0,0,0,-1,0,0,0,0,1]},
{"frame":63,"values":[-0.9881,0.1535,0,0,0.1535,0.9881,0,0,0,0,-1,0,0,0,0,1]},
{"frame":64,"values":[-0.992,0.1265,0,0,0.1265,0.992,0,0,0,0,-1,0,0,0,0,1]},
{"frame":65,"values":[-0.9955,0.0949,0,0,0.0949,0.9955,0,0,0,0,-1,0,0,0,0,1]},
{"frame":71,"values":[-0.9955,0.0949,0,0,0.0949,0.9955,0,0,0,0,-1,0,0,0,0,1]},
{"frame":72,"values":[-0.9982,0.0592,0,0,0.0592,0.9982,0,0,0,0,-1,0,0,0,0,1]},
{"frame":73,"values":[-0.9998,0.0214,0,0,0.0214,0.9998,0,0,0,0,-1,0,0,0,0,1]},
{"frame":74,"values":[-0.9999,-0.0169,0,0,-0.0169,0.9999,0,0,0,0,-1,0,0,0,0,1]},
{"frame":75,"values":[-0.9985,-0.0544,0,0,-0.0544,0.9985,0,0,0,0,-1,0,0,0,0,1]},
{"frame":76,"values":[-0.996,-0.0891,0,0,-0.0891,0.996,0,0,0,0,-1,0,0,0,0,1]},
{"frame":77,"values":[-0.9928,-0.1198,0,0,-0.1198,0.9928,0,0,0,0,-1,0,0,0,0,1]},
{"frame":78,"values":[-0.9894,-0.1456,0,0,-0.1456,0.9894,0,0,0,0,-1,0,0,0,0,1]},
{"frame":79,"values":[-0.9862,-0.1655,0,0,-0.1655,0.9862,0,0,0,0,-1,0,0,0,0,1]},
{"frame":80,"values":[-0.984,-0.1781,0,0,-0.1781,0.984,0,0,0,0,-1,0,0,0,0,1]},
{"frame":81,"values":[-0.983,-0.1839,0,0,-0.1839,0.983,0,0,0,0,-1,0,0,0,0,1]},
{"frame":82,"values":[-0.9832,-0.1828,0,0,-0.1828,0.9832,0,0,0,0,-1,0,0,0,0,1]},
{"frame":83,"values":[-0.9846,-0.1749,0,0,-0.1749,0.9846,0,0,0,0,-1,0,0,0,0,1]},
{"frame":84,"values":[-0.9872,-0.1593,0,0,-0.1593,0.9872,0,0,0,0,-1,0,0,0,0,1]},
{"frame":85,"values":[-0.9905,-0.1376,0,0,-0.1376,0.9905,0,0,0,0,-1,0,0,0,0,1]},
{"frame":86,"values":[-0.9939,-0.1104,0,0,-0.1104,0.9939,0,0,0,0,-1,0,0,0,0,1]},
{"frame":87,"values":[-0.9969,-0.0786,0,0,-0.0786,0.9969,0,0,0,0,-1,0,0,0,0,1]},
{"frame":88,"values":[-0.9991,-0.0427,0,0,-0.0427,0.9991,0,0,0,0,-1,0,0,0,0,1]},
{"frame":89,"values":[-1,-0.0049,0,0,-0.0049,1,0,0,0,0,-1,0,0,0,0,1]},
{"frame":90,"values":[-0.9994,0.0334,0,0,0.0334,0.9994,0,0,0,0,-1,0,0,0,0,1]},
{"frame":91,"values":[-0.9975,0.0709,0,0,0.0709,0.9975,0,0,0,0,-1,0,0,0,0,1]},
{"frame":92,"values":[-0.9944,0.1054,0,0,0.1054,0.9944,0,0,0,0,-1,0,0,0,0,1]},
{"frame":93,"values":[-0.9907,0.136,0,0,0.136,0.9907,0,0,0,0,-1,0,0,0,0,1]},
{"frame":94,"values":[-0.9869,0.1615,0,0,0.1615,0.9869,0,0,0,0,-1,0,0,0,0,1]},
{"frame":95,"values":[-0.9834,0.1814,0,0,0.1814,0.9834,0,0,0,0,-1,0,0,0,0,1]},
{"frame":96,"values":[-0.981,0.1938,0,0,0.1938,0.981,0,0,0,0,-1,0,0,0,0,1]},
{"frame":97,"values":[-0.9799,0.1995,0,0,0.1995,0.9799,0,0,0,0,-1,0,0,0,0,1]},
{"frame":98,"values":[-0.9801,0.1984,0,0,0.1984,0.9801,0,0,0,0,-1,0,0,0,0,1]},
{"frame":99,"values":[-0.9817,0.1905,0,0,0.1905,0.9817,0,0,0,0,-1,0,0,0,0,1]},
{"frame":100,"values":[-0.9846,0.1751,0,0,0.1751,0.9846,0,0,0,0,-1,0,0,0,0,1]},
{"frame":101,"values":[-0.9881,0.1535,0,0,0.1535,0.9881,0,0,0,0,-1,0,0,0,0,1]},
{"frame":102,"values":[-0.992,0.1265,0,0,0.1265,0.992,0,0,0,0,-1,0,0,0,0,1]},
{"frame":103,"values":[-0.9955,0.0949,0,0,0.0949,0.9955,0,0,0,0,-1,0,0,0,0,1]},
{"frame":104,"values":[-0.9982,0.0592,0,0,0.0592,0.9982,0,0,0,0,-1,0,0,0,0,1]},
{"frame":105,"values":[-0.9998,0.0214,0,0,0.0214,0.9998,0,0,0,0,-1,0,0,0,0,1]},
{"frame":106,"values":[-0.9999,-0.0169,0,0,-0.0169,0.9999,0,0,0,0,-1,0,0,0,0,1]},
{"frame":107,"values":[-0.9985,-0.0544,0,0,-0.0544,0.9985,0,0,0,0,-1,0,0,0,0,1]},
{"frame":108,"values":[-0.996,-0.0891,0,0,-0.0891,0.996,0,0,0,0,-1,0,0,0,0,1]},
{"frame":109,"values":[-0.9928,-0.1198,0,0,-0.1198,0.9928,0,0,0,0,-1,0,0,0,0,1]},
{"frame":110,"values":[-0.9894,-0.1456,0,0,-0.1456,0.9894,0,0,0,0,-1,0,0,0,0,1]},
{"frame":111,"values":[-0.9862,-0.1655,0,0,-0.1655,0.9862,0,0,0,0,-1,0,0,0,0,1]},
{"frame":112,"values":[-0.984,-0.1781,0,0,-0.1781,0.984,0,0,0,0,-1,0,0,0,0,1]},
{"frame":113,"values":[-0.983,-0.1839,0,0,-0.1839,0.983,0,0,0,0,-1,0,0,0,0,1]},
{"frame":114,"values":[-0.9832,-0.1828,0,0,-0.1828,0.9832,0,0,0,0,-1,0,0,0,0,1]},
{"frame":115,"values":[-0.9846,-0.1749,0,0,-0.1749,0.9846,0,0,0,0,-1,0,0,0,0,1]},
{"frame":116,"values":[-0.9872,-0.1593,0,0,-0.1593,0.9872,0,0,0,0,-1,0,0,0,0,1]},
{"frame":117,"values":[-0.9905,-0.1376,0,0,-0.1376,0.9905,0,0,0,0,-1,0,0,0,0,1]},
{"frame":118,"values":[-0.9939,-0.1104,0,0,-0.1104,0.9939,0,0,0,0,-1,0,0,0,0,1]},
{"frame":119,"values":[-0.9969,-0.0786,0,0,-0.0786,0.9969,0,0,0,0,-1,0,0,0,0,1]},
{"frame":120,"values":[-0.9991,-0.0427,0,0,-0.0427,0.9991,0,0,0,0,-1,0,0,0,0,1]},
{"frame":121,"values":[-1,-0.0049,0,0,-0.0049,1,0,0,0,0,-1,0,0,0,0,1]},
{"frame":122,"values":[-0.9994,0.0334,0,0,0.0334,0.9994,0,0,0,0,-1,0,0,0,0,1]},
{"frame":123,"values":[-0.9975,0.0709,0,0,0.0709,0.9975,0,0,0,0,-1,0,0,0,0,1]},
{"frame":124,"values":[-0.9944,0.1054,0,0,0.1054,0.9944,0,0,0,0,-1,0,0,0,0,1]},
{"frame":125,"values":[-0.9907,0.136,0,0,0.136,0.9907,0,0,0,0,-1,0,0,0,0,1]},
{"frame":126,"values":[-0.9869,0.1615,0,0,0.1615,0.9869,0,0,0,0,-1,0,0,0,0,1]},
{"frame":127,"values":[-0.9834,0.1814,0,0,0.1814,0.9834,0,0,0,0,-1,0,0,0,0,1]},
{"frame":128,"values":[-0.981,0.1938,0,0,0.1938,0.981,0,0,0,0,-1,0,0,0,0,1]},
{"frame":129,"values":[-0.9799,0.1995,0,0,0.1995,0.9799,0,0,0,0,-1,0,0,0,0,1]},
{"frame":130,"values":[-0.9801,0.1984,0,0,0.1984,0.9801,0,0,0,0,-1,0,0,0,0,1]},
{"frame":131,"values":[-0.9817,0.1905,0,0,0.1905,0.9817,0,0,0,0,-1,0,0,0,0,1]},
{"frame":132,"values":[-0.9846,0.1751,0,0,0.1751,0.9846,0,0,0,0,-1,0,0,0,0,1]},
{"frame":133,"values":[-0.9881,0.1535,0,0,0.1535,0.9881,0,0,0,0,-1,0,0,0,0,1]},
{"frame":134,"values":[-0.992,0.1265,0,0,0.1265,0.992,0,0,0,0,-1,0,0,0,0,1]},
{"frame":135,"values":[-0.9955,0.0949,0,0,0.0949,0.9955,0,0,0,0,-1,0,0,0,0,1]}],"loopBehavior":1,"name":"anim","property":"_matrix"}},
{"name":"xuong:xuong:bn_tail02","index":2,"matrix":[0.9975,0.0703,0,0,-0.0703,0.9975,0,0,0,0,1,0,14.1871,-0.0031,0,1],"rest":[1,0,0,0,0,1,0,0,0,0,1,0,14.1871,-0.0031,0,1],"parentBoneIndex":1,"length":15.3986
,"animation":{"dataType":3,"framePerSecond":24,"keys":[
{"frame":1,"values":[0.9975,0.0703,0,0,-0.0703,0.9975,0,0,0,0,1,0,14.1871,-0.0031,0,1]},
{"frame":2,"values":[0.9969,0.0788,0,0,-0.0788,0.9969,0,0,0,0,1,0,14.1871,-0.0031,0,1]},
{"frame":3,"values":[0.9964,0.0842,0,0,-0.0842,0.9964,0,0,0,0,1,0,14.1871,-0.0031,0,1]},
{"frame":4,"values":[0.9963,0.0864,0,0,-0.0864,0.9963,0,0,0,0,1,0,14.1871,-0.0031,0,1]},
{"frame":5,"values":[0.9964,0.085,0,0,-0.085,0.9964,0,0,0,0,1,0,14.1871,-0.0031,0,1]},
{"frame":6,"values":[0.9968,0.0796,0,0,-0.0796,0.9968,0,0,0,0,1,0,14.1871,-0.0031,0,1]},
{"frame":7,"values":[0.9975,0.071,0,0,-0.071,0.9975,0,0,0,0,1,0,14.1871,-0.0031,0,1]},
{"frame":8,"values":[0.9982,0.0598,0,0,-0.0598,0.9982,0,0,0,0,1,0,14.1871,-0.0031,0,1]},
{"frame":9,"values":[0.9989,0.0465,0,0,-0.0465,0.9989,0,0,0,0,1,0,14.1871,-0.0031,0,1]},
{"frame":10,"values":[0.9995,0.0315,0,0,-0.0315,0.9995,0,0,0,0,1,0,14.1871,-0.0031,0,1]},
{"frame":11,"values":[0.9999,0.0158,0,0,-0.0158,0.9999,0,0,0,0,1,0,14.1871,-0.0031,0,1]},
{"frame":12,"values":[1,-0.0003,0,0,0.0003,1,0,0,0,0,1,0,14.1871,-0.0031,0,1]},
{"frame":13,"values":[0.9999,-0.0164,0,0,0.0164,0.9999,0,0,0,0,1,0,14.1871,-0.0031,0,1]},
{"frame":14,"values":[0.9995,-0.0318,0,0,0.0318,0.9995,0,0,0,0,1,0,14.1871,-0.0031,0,1]},
{"frame":15,"values":[0.9989,-0.0464,0,0,0.0464,0.9989,0,0,0,0,1,0,14.1871,-0.0031,0,1]},
{"frame":16,"values":[0.9982,-0.0595,0,0,0.0595,0.9982,0,0,0,0,1,0,14.1871,-0.0031,0,1]},
{"frame":17,"values":[0.9975,-0.0708,0,0,0.0708,0.9975,0,0,0,0,1,0,14.1871,-0.0031,0,1]},
{"frame":18,"values":[0.9969,-0.0792,0,0,0.0792,0.9969,0,0,0,0,1,0,14.1871,-0.0031,0,1]},
{"frame":19,"values":[0.9964,-0.0845,0,0,0.0845,0.9964,0,0,0,0,1,0,14.1871,-0.0031,0,1]},
{"frame":20,"values":[0.9962,-0.0865,0,0,0.0865,0.9962,0,0,0,0,1,0,14.1871,-0.0031,0,1]},
{"frame":21,"values":[0.9964,-0.085,0,0,0.085,0.9964,0,0,0,0,1,0,14.1871,-0.0031,0,1]},
{"frame":22,"values":[0.9968,-0.0794,0,0,0.0794,0.9968,0,0,0,0,1,0,14.1871,-0.0031,0,1]},
{"frame":23,"values":[0.9975,-0.0707,0,0,0.0707,0.9975,0,0,0,0,1,0,14.1871,-0.0031,0,1]},
{"frame":24,"values":[0.9982,-0.0595,0,0,0.0595,0.9982,0,0,0,0,1,0,14.1871,-0.0031,0,1]},
{"frame":25,"values":[0.9989,-0.0462,0,0,0.0462,0.9989,0,0,0,0,1,0,14.1871,-0.0031,0,1]},
{"frame":26,"values":[0.9995,-0.0313,0,0,0.0313,0.9995,0,0,0,0,1,0,14.1871,-0.0031,0,1]},
{"frame":27,"values":[0.9999,-0.0157,0,0,0.0157,0.9999,0,0,0,0,1,0,14.1871,-0.0031,0,1]},
{"frame":28,"values":[1,0.0003,0,0,-0.0003,1,0,0,0,0,1,0,14.1871,-0.0031,0,1]},
{"frame":29,"values":[0.9999,0.0162,0,0,-0.0162,0.9999,0,0,0,0,1,0,14.1871,-0.0031,0,1]},
{"frame":30,"values":[0.9995,0.0315,0,0,-0.0315,0.9995,0,0,0,0,1,0,14.1871,-0.0031,0,1]},
{"frame":31,"values":[0.9989,0.0459,0,0,-0.0459,0.9989,0,0,0,0,1,0,14.1871,-0.0031,0,1]},
{"frame":32,"values":[0.9983,0.059,0,0,-0.059,0.9983,0,0,0,0,1,0,14.1871,-0.0031,0,1]},
{"frame":33,"values":[0.9975,0.0703,0,0,-0.0703,0.9975,0,0,0,0,1,0,14.1871,-0.0031,0,1]},
{"frame":34,"values":[0.9969,0.0788,0,0,-0.0788,0.9969,0,0,0,0,1,0,14.1871,-0.0031,0,1]},
{"frame":35,"values":[0.9964,0.0842,0,0,-0.0842,0.9964,0,0,0,0,1,0,14.1871,-0.0031,0,1]},
{"frame":36,"values":[0.9963,0.0864,0,0,-0.0864,0.9963,0,0,0,0,1,0,14.1871,-0.0031,0,1]},
{"frame":37,"values":[0.9964,0.085,0,0,-0.085,0.9964,0,0,0,0,1,0,14.1871,-0.0031,0,1]},
{"frame":38,"values":[0.9968,0.0796,0,0,-0.0796,0.9968,0,0,0,0,1,0,14.1871,-0.0031,0,1]},
{"frame":39,"values":[0.9975,0.071,0,0,-0.071,0.9975,0,0,0,0,1,0,14.1871,-0.0031,0,1]},
{"frame":40,"values":[0.9982,0.0598,0,0,-0.0598,0.9982,0,0,0,0,1,0,14.1871,-0.0031,0,1]},
{"frame":41,"values":[0.9989,0.0465,0,0,-0.0465,0.9989,0,0,0,0,1,0,14.1871,-0.0031,0,1]},
{"frame":42,"values":[0.9995,0.0315,0,0,-0.0315,0.9995,0,0,0,0,1,0,14.1871,-0.0031,0,1]},
{"frame":43,"values":[0.9999,0.0158,0,0,-0.0158,0.9999,0,0,0,0,1,0,14.1871,-0.0031,0,1]},
{"frame":44,"values":[1,-0.0003,0,0,0.0003,1,0,0,0,0,1,0,14.1871,-0.0031,0,1]},
{"frame":45,"values":[0.9999,-0.0164,0,0,0.0164,0.9999,0,0,0,0,1,0,14.1871,-0.0031,0,1]},
{"frame":46,"values":[0.9995,-0.0318,0,0,0.0318,0.9995,0,0,0,0,1,0,14.1871,-0.0031,0,1]},
{"frame":47,"values":[0.9989,-0.0464,0,0,0.0464,0.9989,0,0,0,0,1,0,14.1871,-0.0031,0,1]},
{"frame":48,"values":[0.9982,-0.0595,0,0,0.0595,0.9982,0,0,0,0,1,0,14.1871,-0.0031,0,1]},
{"frame":49,"values":[0.9975,-0.0708,0,0,0.0708,0.9975,0,0,0,0,1,0,14.1871,-0.0031,0,1]},
{"frame":50,"values":[0.9969,-0.0792,0,0,0.0792,0.9969,0,0,0,0,1,0,14.1871,-0.0031,0,1]},
{"frame":51,"values":[0.9964,-0.0845,0,0,0.0845,0.9964,0,0,0,0,1,0,14.1871,-0.0031,0,1]},
{"frame":52,"values":[0.9962,-0.0865,0,0,0.0865,0.9962,0,0,0,0,1,0,14.1871,-0.0031,0,1]},
{"frame":53,"values":[0.9964,-0.085,0,0,0.085,0.9964,0,0,0,0,1,0,14.1871,-0.0031,0,1]},
{"frame":54,"values":[0.9968,-0.0794,0,0,0.0794,0.9968,0,0,0,0,1,0,14.1871,-0.0031,0,1]},
{"frame":55,"values":[0.9975,-0.0707,0,0,0.0707,0.9975,0,0,0,0,1,0,14.1871,-0.0031,0,1]},
{"frame":56,"values":[0.9982,-0.0595,0,0,0.0595,0.9982,0,0,0,0,1,0,14.1871,-0.0031,0,1]},
{"frame":57,"values":[0.9989,-0.0462,0,0,0.0462,0.9989,0,0,0,0,1,0,14.1871,-0.0031,0,1]},
{"frame":58,"values":[0.9995,-0.0313,0,0,0.0313,0.9995,0,0,0,0,1,0,14.1871,-0.0031,0,1]},
{"frame":59,"values":[0.9999,-0.0157,0,0,0.0157,0.9999,0,0,0,0,1,0,14.1871,-0.0031,0,1]},
{"frame":60,"values":[1,0.0003,0,0,-0.0003,1,0,0,0,0,1,0,14.1871,-0.0031,0,1]},
{"frame":61,"values":[0.9999,0.0162,0,0,-0.0162,0.9999,0,0,0,0,1,0,14.1871,-0.0031,0,1]},
{"frame":62,"values":[0.9995,0.0315,0,0,-0.0315,0.9995,0,0,0,0,1,0,14.1871,-0.0031,0,1]},
{"frame":63,"values":[0.9989,0.0459,0,0,-0.0459,0.9989,0,0,0,0,1,0,14.1871,-0.0031,0,1]},
{"frame":64,"values":[0.9983,0.059,0,0,-0.059,0.9983,0,0,0,0,1,0,14.1871,-0.0031,0,1]},
{"frame":65,"values":[0.9975,0.0703,0,0,-0.0703,0.9975,0,0,0,0,1,0,14.1871,-0.0031,0,1]},
{"frame":71,"values":[0.9975,0.0703,0,0,-0.0703,0.9975,0,0,0,0,1,0,14.1871,-0.0031,0,1]},
{"frame":72,"values":[0.9969,0.0788,0,0,-0.0788,0.9969,0,0,0,0,1,0,14.1871,-0.0031,0,1]},
{"frame":73,"values":[0.9964,0.0842,0,0,-0.0842,0.9964,0,0,0,0,1,0,14.1871,-0.0031,0,1]},
{"frame":74,"values":[0.9963,0.0864,0,0,-0.0864,0.9963,0,0,0,0,1,0,14.1871,-0.0031,0,1]},
{"frame":75,"values":[0.9964,0.085,0,0,-0.085,0.9964,0,0,0,0,1,0,14.1871,-0.0031,0,1]},
{"frame":76,"values":[0.9968,0.0796,0,0,-0.0796,0.9968,0,0,0,0,1,0,14.1871,-0.0031,0,1]},
{"frame":77,"values":[0.9975,0.071,0,0,-0.071,0.9975,0,0,0,0,1,0,14.1871,-0.0031,0,1]},
{"frame":78,"values":[0.9982,0.0598,0,0,-0.0598,0.9982,0,0,0,0,1,0,14.1871,-0.0031,0,1]},
{"frame":79,"values":[0.9989,0.0465,0,0,-0.0465,0.9989,0,0,0,0,1,0,14.1871,-0.0031,0,1]},
{"frame":80,"values":[0.9995,0.0315,0,0,-0.0315,0.9995,0,0,0,0,1,0,14.1871,-0.0031,0,1]},
{"frame":81,"values":[0.9999,0.0158,0,0,-0.0158,0.9999,0,0,0,0,1,0,14.1871,-0.0031,0,1]},
{"frame":82,"values":[1,-0.0003,0,0,0.0003,1,0,0,0,0,1,0,14.1871,-0.0031,0,1]},
{"frame":83,"values":[0.9999,-0.0164,0,0,0.0164,0.9999,0,0,0,0,1,0,14.1871,-0.0031,0,1]},
{"frame":84,"values":[0.9995,-0.0318,0,0,0.0318,0.9995,0,0,0,0,1,0,14.1871,-0.0031,0,1]},
{"frame":85,"values":[0.9989,-0.0464,0,0,0.0464,0.9989,0,0,0,0,1,0,14.1871,-0.0031,0,1]},
{"frame":86,"values":[0.9982,-0.0595,0,0,0.0595,0.9982,0,0,0,0,1,0,14.1871,-0.0031,0,1]},
{"frame":87,"values":[0.9975,-0.0708,0,0,0.0708,0.9975,0,0,0,0,1,0,14.1871,-0.0031,0,1]},
{"frame":88,"values":[0.9969,-0.0792,0,0,0.0792,0.9969,0,0,0,0,1,0,14.1871,-0.0031,0,1]},
{"frame":89,"values":[0.9964,-0.0845,0,0,0.0845,0.9964,0,0,0,0,1,0,14.1871,-0.0031,0,1]},
{"frame":90,"values":[0.9962,-0.0865,0,0,0.0865,0.9962,0,0,0,0,1,0,14.1871,-0.0031,0,1]},
{"frame":91,"values":[0.9964,-0.085,0,0,0.085,0.9964,0,0,0,0,1,0,14.1871,-0.0031,0,1]},
{"frame":92,"values":[0.9968,-0.0794,0,0,0.0794,0.9968,0,0,0,0,1,0,14.1871,-0.0031,0,1]},
{"frame":93,"values":[0.9975,-0.0707,0,0,0.0707,0.9975,0,0,0,0,1,0,14.1871,-0.0031,0,1]},
{"frame":94,"values":[0.9982,-0.0595,0,0,0.0595,0.9982,0,0,0,0,1,0,14.1871,-0.0031,0,1]},
{"frame":95,"values":[0.9989,-0.0462,0,0,0.0462,0.9989,0,0,0,0,1,0,14.1871,-0.0031,0,1]},
{"frame":96,"values":[0.9995,-0.0313,0,0,0.0313,0.9995,0,0,0,0,1,0,14.1871,-0.0031,0,1]},
{"frame":97,"values":[0.9999,-0.0157,0,0,0.0157,0.9999,0,0,0,0,1,0,14.1871,-0.0031,0,1]},
{"frame":98,"values":[1,0.0003,0,0,-0.0003,1,0,0,0,0,1,0,14.1871,-0.0031,0,1]},
{"frame":99,"values":[0.9999,0.0162,0,0,-0.0162,0.9999,0,0,0,0,1,0,14.1871,-0.0031,0,1]},
{"frame":100,"values":[0.9995,0.0315,0,0,-0.0315,0.9995,0,0,0,0,1,0,14.1871,-0.0031,0,1]},
{"frame":101,"values":[0.9989,0.0459,0,0,-0.0459,0.9989,0,0,0,0,1,0,14.1871,-0.0031,0,1]},
{"frame":102,"values":[0.9983,0.059,0,0,-0.059,0.9983,0,0,0,0,1,0,14.1871,-0.0031,0,1]},
{"frame":103,"values":[0.9975,0.0703,0,0,-0.0703,0.9975,0,0,0,0,1,0,14.1871,-0.0031,0,1]},
{"frame":104,"values":[0.9969,0.0788,0,0,-0.0788,0.9969,0,0,0,0,1,0,14.1871,-0.0031,0,1]},
{"frame":105,"values":[0.9964,0.0842,0,0,-0.0842,0.9964,0,0,0,0,1,0,14.1871,-0.0031,0,1]},
{"frame":106,"values":[0.9963,0.0864,0,0,-0.0864,0.9963,0,0,0,0,1,0,14.1871,-0.0031,0,1]},
{"frame":107,"values":[0.9964,0.085,0,0,-0.085,0.9964,0,0,0,0,1,0,14.1871,-0.0031,0,1]},
{"frame":108,"values":[0.9968,0.0796,0,0,-0.0796,0.9968,0,0,0,0,1,0,14.1871,-0.0031,0,1]},
{"frame":109,"values":[0.9975,0.071,0,0,-0.071,0.9975,0,0,0,0,1,0,14.1871,-0.0031,0,1]},
{"frame":110,"values":[0.9982,0.0598,0,0,-0.0598,0.9982,0,0,0,0,1,0,14.1871,-0.0031,0,1]},
{"frame":111,"values":[0.9989,0.0465,0,0,-0.0465,0.9989,0,0,0,0,1,0,14.1871,-0.0031,0,1]},
{"frame":112,"values":[0.9995,0.0315,0,0,-0.0315,0.9995,0,0,0,0,1,0,14.1871,-0.0031,0,1]},
{"frame":113,"values":[0.9999,0.0158,0,0,-0.0158,0.9999,0,0,0,0,1,0,14.1871,-0.0031,0,1]},
{"frame":114,"values":[1,-0.0003,0,0,0.0003,1,0,0,0,0,1,0,14.1871,-0.0031,0,1]},
{"frame":115,"values":[0.9999,-0.0164,0,0,0.0164,0.9999,0,0,0,0,1,0,14.1871,-0.0031,0,1]},
{"frame":116,"values":[0.9995,-0.0318,0,0,0.0318,0.9995,0,0,0,0,1,0,14.1871,-0.0031,0,1]},
{"frame":117,"values":[0.9989,-0.0464,0,0,0.0464,0.9989,0,0,0,0,1,0,14.1871,-0.0031,0,1]},
{"frame":118,"values":[0.9982,-0.0595,0,0,0.0595,0.9982,0,0,0,0,1,0,14.1871,-0.0031,0,1]},
{"frame":119,"values":[0.9975,-0.0708,0,0,0.0708,0.9975,0,0,0,0,1,0,14.1871,-0.0031,0,1]},
{"frame":120,"values":[0.9969,-0.0792,0,0,0.0792,0.9969,0,0,0,0,1,0,14.1871,-0.0031,0,1]},
{"frame":121,"values":[0.9964,-0.0845,0,0,0.0845,0.9964,0,0,0,0,1,0,14.1871,-0.0031,0,1]},
{"frame":122,"values":[0.9962,-0.0865,0,0,0.0865,0.9962,0,0,0,0,1,0,14.1871,-0.0031,0,1]},
{"frame":123,"values":[0.9964,-0.085,0,0,0.085,0.9964,0,0,0,0,1,0,14.1871,-0.0031,0,1]},
{"frame":124,"values":[0.9968,-0.0794,0,0,0.0794,0.9968,0,0,0,0,1,0,14.1871,-0.0031,0,1]},
{"frame":125,"values":[0.9975,-0.0707,0,0,0.0707,0.9975,0,0,0,0,1,0,14.1871,-0.0031,0,1]},
{"frame":126,"values":[0.9982,-0.0595,0,0,0.0595,0.9982,0,0,0,0,1,0,14.1871,-0.0031,0,1]},
{"frame":127,"values":[0.9989,-0.0462,0,0,0.0462,0.9989,0,0,0,0,1,0,14.1871,-0.0031,0,1]},
{"frame":128,"values":[0.9995,-0.0313,0,0,0.0313,0.9995,0,0,0,0,1,0,14.1871,-0.0031,0,1]},
{"frame":129,"values":[0.9999,-0.0157,0,0,0.0157,0.9999,0,0,0,0,1,0,14.1871,-0.0031,0,1]},
{"frame":130,"values":[1,0.0003,0,0,-0.0003,1,0,0,0,0,1,0,14.1871,-0.0031,0,1]},
{"frame":131,"values":[0.9999,0.0162,0,0,-0.0162,0.9999,0,0,0,0,1,0,14.1871,-0.0031,0,1]},
{"frame":132,"values":[0.9995,0.0315,0,0,-0.0315,0.9995,0,0,0,0,1,0,14.1871,-0.0031,0,1]},
{"frame":133,"values":[0.9989,0.0459,0,0,-0.0459,0.9989,0,0,0,0,1,0,14.1871,-0.0031,0,1]},
{"frame":134,"values":[0.9983,0.059,0,0,-0.059,0.9983,0,0,0,0,1,0,14.1871,-0.0031,0,1]},
{"frame":135,"values":[0.9975,0.0703,0,0,-0.0703,0.9975,0,0,0,0,1,0,14.1871,-0.0031,0,1]}],"loopBehavior":1,"name":"anim","property":"_matrix"}},
{"name":"xuong:xuong:bn_tail03","index":3,"matrix":[0.9974,0.0719,0,0,-0.0719,0.9974,0,0,0,0,1,0,15.3986,-0.0001,0,1],"rest":[1,0,0,0,0,1,0,0,0,0,1,0,15.3986,-0.0001,0,1],"parentBoneIndex":2,"length":28.571
,"animation":{"dataType":3,"framePerSecond":24,"keys":[
{"frame":1,"values":[0.9974,0.0719,0,0,-0.0719,0.9974,0,0,0,0,1,0,15.3986,-0.0001,0,1]},
{"frame":2,"values":[0.9961,0.0882,0,0,-0.0882,0.9961,0,0,0,0,1,0,15.3986,-0.0001,0,1]},
{"frame":3,"values":[0.9948,0.1019,0,0,-0.1019,0.9948,0,0,0,0,1,0,15.3986,-0.0001,0,1]},
{"frame":4,"values":[0.9937,0.1123,0,0,-0.1123,0.9937,0,0,0,0,1,0,15.3986,-0.0001,0,1]},
{"frame":5,"values":[0.9929,0.1186,0,0,-0.1186,0.9929,0,0,0,0,1,0,15.3986,-0.0001,0,1]},
{"frame":6,"values":[0.9928,0.1196,0,0,-0.1196,0.9928,0,0,0,0,1,0,15.3986,-0.0001,0,1]},
{"frame":7,"values":[0.9933,0.1155,0,0,-0.1155,0.9933,0,0,0,0,1,0,15.3986,-0.0001,0,1]},
{"frame":8,"values":[0.9943,0.1065,0,0,-0.1065,0.9943,0,0,0,0,1,0,15.3986,-0.0001,0,1]},
{"frame":9,"values":[0.9957,0.093,0,0,-0.093,0.9957,0,0,0,0,1,0,15.3986,-0.0001,0,1]},
{"frame":10,"values":[0.9972,0.0752,0,0,-0.0752,0.9972,0,0,0,0,1,0,15.3986,-0.0001,0,1]},
{"frame":11,"values":[0.9985,0.055,0,0,-0.055,0.9985,0,0,0,0,1,0,15.3986,-0.0001,0,1]},
{"frame":12,"values":[0.9994,0.0333,0,0,-0.0333,0.9994,0,0,0,0,1,0,15.3986,-0.0001,0,1]},
{"frame":13,"values":[0.9999,0.0109,0,0,-0.0109,0.9999,0,0,0,0,1,0,15.3986,-0.0001,0,1]},
{"frame":14,"values":[0.9999,-0.0114,0,0,0.0114,0.9999,0,0,0,0,1,0,15.3986,-0.0001,0,1]},
{"frame":15,"values":[0.9995,-0.0329,0,0,0.0329,0.9995,0,0,0,0,1,0,15.3986,-0.0001,0,1]},
{"frame":16,"values":[0.9986,-0.0534,0,0,0.0534,0.9986,0,0,0,0,1,0,15.3986,-0.0001,0,1]},
{"frame":17,"values":[0.9974,-0.0723,0,0,0.0723,0.9974,0,0,0,0,1,0,15.3986,-0.0001,0,1]},
{"frame":18,"values":[0.996,-0.0888,0,0,0.0888,0.996,0,0,0,0,1,0,15.3986,-0.0001,0,1]},
{"frame":19,"values":[0.9947,-0.1025,0,0,0.1025,0.9947,0,0,0,0,1,0,15.3986,-0.0001,0,1]},
{"frame":20,"values":[0.9936,-0.1128,0,0,0.1128,0.9936,0,0,0,0,1,0,15.3986,-0.0001,0,1]},
{"frame":21,"values":[0.9929,-0.119,0,0,0.119,0.9929,0,0,0,0,1,0,15.3986,-0.0001,0,1]},
{"frame":22,"values":[0.9928,-0.1197,0,0,0.1197,0.9928,0,0,0,0,1,0,15.3986,-0.0001,0,1]},
{"frame":23,"values":[0.9933,-0.1153,0,0,0.1153,0.9933,0,0,0,0,1,0,15.3986,-0.0001,0,1]},
{"frame":24,"values":[0.9944,-0.106,0,0,0.106,0.9944,0,0,0,0,1,0,15.3986,-0.0001,0,1]},
{"frame":25,"values":[0.9957,-0.0922,0,0,0.0922,0.9957,0,0,0,0,1,0,15.3986,-0.0001,0,1]},
{"frame":26,"values":[0.9972,-0.0744,0,0,0.0744,0.9972,0,0,0,0,1,0,15.3986,-0.0001,0,1]},
{"frame":27,"values":[0.9985,-0.0542,0,0,0.0542,0.9985,0,0,0,0,1,0,15.3986,-0.0001,0,1]},
{"frame":28,"values":[0.9995,-0.0325,0,0,0.0325,0.9995,0,0,0,0,1,0,15.3986,-0.0001,0,1]},
{"frame":29,"values":[0.9999,-0.0103,0,0,0.0103,0.9999,0,0,0,0,1,0,15.3986,-0.0001,0,1]},
{"frame":30,"values":[0.9999,0.0117,0,0,-0.0117,0.9999,0,0,0,0,1,0,15.3986,-0.0001,0,1]},
{"frame":31,"values":[0.9995,0.033,0,0,-0.033,0.9995,0,0,0,0,1,0,15.3986,-0.0001,0,1]},
{"frame":32,"values":[0.9986,0.0531,0,0,-0.0531,0.9986,0,0,0,0,1,0,15.3986,-0.0001,0,1]},
{"frame":33,"values":[0.9974,0.0719,0,0,-0.0719,0.9974,0,0,0,0,1,0,15.3986,-0.0001,0,1]},
{"frame":34,"values":[0.9961,0.0882,0,0,-0.0882,0.9961,0,0,0,0,1,0,15.3986,-0.0001,0,1]},
{"frame":35,"values":[0.9948,0.1019,0,0,-0.1019,0.9948,0,0,0,0,1,0,15.3986,-0.0001,0,1]},
{"frame":36,"values":[0.9937,0.1123,0,0,-0.1123,0.9937,0,0,0,0,1,0,15.3986,-0.0001,0,1]},
{"frame":37,"values":[0.9929,0.1186,0,0,-0.1186,0.9929,0,0,0,0,1,0,15.3986,-0.0001,0,1]},
{"frame":38,"values":[0.9928,0.1196,0,0,-0.1196,0.9928,0,0,0,0,1,0,15.3986,-0.0001,0,1]},
{"frame":39,"values":[0.9933,0.1155,0,0,-0.1155,0.9933,0,0,0,0,1,0,15.3986,-0.0001,0,1]},
{"frame":40,"values":[0.9943,0.1065,0,0,-0.1065,0.9943,0,0,0,0,1,0,15.3986,-0.0001,0,1]},
{"frame":41,"values":[0.9957,0.093,0,0,-0.093,0.9957,0,0,0,0,1,0,15.3986,-0.0001,0,1]},
{"frame":42,"values":[0.9972,0.0752,0,0,-0.0752,0.9972,0,0,0,0,1,0,15.3986,-0.0001,0,1]},
{"frame":43,"values":[0.9985,0.055,0,0,-0.055,0.9985,0,0,0,0,1,0,15.3986,-0.0001,0,1]},
{"frame":44,"values":[0.9994,0.0333,0,0,-0.0333,0.9994,0,0,0,0,1,0,15.3986,-0.0001,0,1]},
{"frame":45,"values":[0.9999,0.0109,0,0,-0.0109,0.9999,0,0,0,0,1,0,15.3986,-0.0001,0,1]},
{"frame":46,"values":[0.9999,-0.0114,0,0,0.0114,0.9999,0,0,0,0,1,0,15.3986,-0.0001,0,1]},
{"frame":47,"values":[0.9995,-0.0329,0,0,0.0329,0.9995,0,0,0,0,1,0,15.3986,-0.0001,0,1]},
{"frame":48,"values":[0.9986,-0.0534,0,0,0.0534,0.9986,0,0,0,0,1,0,15.3986,-0.0001,0,1]},
{"frame":49,"values":[0.9974,-0.0723,0,0,0.0723,0.9974,0,0,0,0,1,0,15.3986,-0.0001,0,1]},
{"frame":50,"values":[0.996,-0.0888,0,0,0.0888,0.996,0,0,0,0,1,0,15.3986,-0.0001,0,1]},
{"frame":51,"values":[0.9947,-0.1025,0,0,0.1025,0.9947,0,0,0,0,1,0,15.3986,-0.0001,0,1]},
{"frame":52,"values":[0.9936,-0.1128,0,0,0.1128,0.9936,0,0,0,0,1,0,15.3986,-0.0001,0,1]},
{"frame":53,"values":[0.9929,-0.119,0,0,0.119,0.9929,0,0,0,0,1,0,15.3986,-0.0001,0,1]},
{"frame":54,"values":[0.9928,-0.1197,0,0,0.1197,0.9928,0,0,0,0,1,0,15.3986,-0.0001,0,1]},
{"frame":55,"values":[0.9933,-0.1153,0,0,0.1153,0.9933,0,0,0,0,1,0,15.3986,-0.0001,0,1]},
{"frame":56,"values":[0.9944,-0.106,0,0,0.106,0.9944,0,0,0,0,1,0,15.3986,-0.0001,0,1]},
{"frame":57,"values":[0.9957,-0.0922,0,0,0.0922,0.9957,0,0,0,0,1,0,15.3986,-0.0001,0,1]},
{"frame":58,"values":[0.9972,-0.0744,0,0,0.0744,0.9972,0,0,0,0,1,0,15.3986,-0.0001,0,1]},
{"frame":59,"values":[0.9985,-0.0542,0,0,0.0542,0.9985,0,0,0,0,1,0,15.3986,-0.0001,0,1]},
{"frame":60,"values":[0.9995,-0.0325,0,0,0.0325,0.9995,0,0,0,0,1,0,15.3986,-0.0001,0,1]},
{"frame":61,"values":[0.9999,-0.0103,0,0,0.0103,0.9999,0,0,0,0,1,0,15.3986,-0.0001,0,1]},
{"frame":62,"values":[0.9999,0.0117,0,0,-0.0117,0.9999,0,0,0,0,1,0,15.3986,-0.0001,0,1]},
{"frame":63,"values":[0.9995,0.033,0,0,-0.033,0.9995,0,0,0,0,1,0,15.3986,-0.0001,0,1]},
{"frame":64,"values":[0.9986,0.0531,0,0,-0.0531,0.9986,0,0,0,0,1,0,15.3986,-0.0001,0,1]},
{"frame":65,"values":[0.9974,0.0719,0,0,-0.0719,0.9974,0,0,0,0,1,0,15.3986,-0.0001,0,1]},
{"frame":71,"values":[0.9974,0.0719,0,0,-0.0719,0.9974,0,0,0,0,1,0,15.3986,-0.0001,0,1]},
{"frame":72,"values":[0.9961,0.0882,0,0,-0.0882,0.9961,0,0,0,0,1,0,15.3986,-0.0001,0,1]},
{"frame":73,"values":[0.9948,0.1019,0,0,-0.1019,0.9948,0,0,0,0,1,0,15.3986,-0.0001,0,1]},
{"frame":74,"values":[0.9937,0.1123,0,0,-0.1123,0.9937,0,0,0,0,1,0,15.3986,-0.0001,0,1]},
{"frame":75,"values":[0.9929,0.1186,0,0,-0.1186,0.9929,0,0,0,0,1,0,15.3986,-0.0001,0,1]},
{"frame":76,"values":[0.9928,0.1196,0,0,-0.1196,0.9928,0,0,0,0,1,0,15.3986,-0.0001,0,1]},
{"frame":77,"values":[0.9933,0.1155,0,0,-0.1155,0.9933,0,0,0,0,1,0,15.3986,-0.0001,0,1]},
{"frame":78,"values":[0.9943,0.1065,0,0,-0.1065,0.9943,0,0,0,0,1,0,15.3986,-0.0001,0,1]},
{"frame":79,"values":[0.9957,0.093,0,0,-0.093,0.9957,0,0,0,0,1,0,15.3986,-0.0001,0,1]},
{"frame":80,"values":[0.9972,0.0752,0,0,-0.0752,0.9972,0,0,0,0,1,0,15.3986,-0.0001,0,1]},
{"frame":81,"values":[0.9985,0.055,0,0,-0.055,0.9985,0,0,0,0,1,0,15.3986,-0.0001,0,1]},
{"frame":82,"values":[0.9994,0.0333,0,0,-0.0333,0.9994,0,0,0,0,1,0,15.3986,-0.0001,0,1]},
{"frame":83,"values":[0.9999,0.0109,0,0,-0.0109,0.9999,0,0,0,0,1,0,15.3986,-0.0001,0,1]},
{"frame":84,"values":[0.9999,-0.0114,0,0,0.0114,0.9999,0,0,0,0,1,0,15.3986,-0.0001,0,1]},
{"frame":85,"values":[0.9995,-0.0329,0,0,0.0329,0.9995,0,0,0,0,1,0,15.3986,-0.0001,0,1]},
{"frame":86,"values":[0.9986,-0.0534,0,0,0.0534,0.9986,0,0,0,0,1,0,15.3986,-0.0001,0,1]},
{"frame":87,"values":[0.9974,-0.0723,0,0,0.0723,0.9974,0,0,0,0,1,0,15.3986,-0.0001,0,1]},
{"frame":88,"values":[0.996,-0.0888,0,0,0.0888,0.996,0,0,0,0,1,0,15.3986,-0.0001,0,1]},
{"frame":89,"values":[0.9947,-0.1025,0,0,0.1025,0.9947,0,0,0,0,1,0,15.3986,-0.0001,0,1]},
{"frame":90,"values":[0.9936,-0.1128,0,0,0.1128,0.9936,0,0,0,0,1,0,15.3986,-0.0001,0,1]},
{"frame":91,"values":[0.9929,-0.119,0,0,0.119,0.9929,0,0,0,0,1,0,15.3986,-0.0001,0,1]},
{"frame":92,"values":[0.9928,-0.1197,0,0,0.1197,0.9928,0,0,0,0,1,0,15.3986,-0.0001,0,1]},
{"frame":93,"values":[0.9933,-0.1153,0,0,0.1153,0.9933,0,0,0,0,1,0,15.3986,-0.0001,0,1]},
{"frame":94,"values":[0.9944,-0.106,0,0,0.106,0.9944,0,0,0,0,1,0,15.3986,-0.0001,0,1]},
{"frame":95,"values":[0.9957,-0.0922,0,0,0.0922,0.9957,0,0,0,0,1,0,15.3986,-0.0001,0,1]},
{"frame":96,"values":[0.9972,-0.0744,0,0,0.0744,0.9972,0,0,0,0,1,0,15.3986,-0.0001,0,1]},
{"frame":97,"values":[0.9985,-0.0542,0,0,0.0542,0.9985,0,0,0,0,1,0,15.3986,-0.0001,0,1]},
{"frame":98,"values":[0.9995,-0.0325,0,0,0.0325,0.9995,0,0,0,0,1,0,15.3986,-0.0001,0,1]},
{"frame":99,"values":[0.9999,-0.0103,0,0,0.0103,0.9999,0,0,0,0,1,0,15.3986,-0.0001,0,1]},
{"frame":100,"values":[0.9999,0.0117,0,0,-0.0117,0.9999,0,0,0,0,1,0,15.3986,-0.0001,0,1]},
{"frame":101,"values":[0.9995,0.033,0,0,-0.033,0.9995,0,0,0,0,1,0,15.3986,-0.0001,0,1]},
{"frame":102,"values":[0.9986,0.0531,0,0,-0.0531,0.9986,0,0,0,0,1,0,15.3986,-0.0001,0,1]},
{"frame":103,"values":[0.9974,0.0719,0,0,-0.0719,0.9974,0,0,0,0,1,0,15.3986,-0.0001,0,1]},
{"frame":104,"values":[0.9961,0.0882,0,0,-0.0882,0.9961,0,0,0,0,1,0,15.3986,-0.0001,0,1]},
{"frame":105,"values":[0.9948,0.1019,0,0,-0.1019,0.9948,0,0,0,0,1,0,15.3986,-0.0001,0,1]},
{"frame":106,"values":[0.9937,0.1123,0,0,-0.1123,0.9937,0,0,0,0,1,0,15.3986,-0.0001,0,1]},
{"frame":107,"values":[0.9929,0.1186,0,0,-0.1186,0.9929,0,0,0,0,1,0,15.3986,-0.0001,0,1]},
{"frame":108,"values":[0.9928,0.1196,0,0,-0.1196,0.9928,0,0,0,0,1,0,15.3986,-0.0001,0,1]},
{"frame":109,"values":[0.9933,0.1155,0,0,-0.1155,0.9933,0,0,0,0,1,0,15.3986,-0.0001,0,1]},
{"frame":110,"values":[0.9943,0.1065,0,0,-0.1065,0.9943,0,0,0,0,1,0,15.3986,-0.0001,0,1]},
{"frame":111,"values":[0.9957,0.093,0,0,-0.093,0.9957,0,0,0,0,1,0,15.3986,-0.0001,0,1]},
{"frame":112,"values":[0.9972,0.0752,0,0,-0.0752,0.9972,0,0,0,0,1,0,15.3986,-0.0001,0,1]},
{"frame":113,"values":[0.9985,0.055,0,0,-0.055,0.9985,0,0,0,0,1,0,15.3986,-0.0001,0,1]},
{"frame":114,"values":[0.9994,0.0333,0,0,-0.0333,0.9994,0,0,0,0,1,0,15.3986,-0.0001,0,1]},
{"frame":115,"values":[0.9999,0.0109,0,0,-0.0109,0.9999,0,0,0,0,1,0,15.3986,-0.0001,0,1]},
{"frame":116,"values":[0.9999,-0.0114,0,0,0.0114,0.9999,0,0,0,0,1,0,15.3986,-0.0001,0,1]},
{"frame":117,"values":[0.9995,-0.0329,0,0,0.0329,0.9995,0,0,0,0,1,0,15.3986,-0.0001,0,1]},
{"frame":118,"values":[0.9986,-0.0534,0,0,0.0534,0.9986,0,0,0,0,1,0,15.3986,-0.0001,0,1]},
{"frame":119,"values":[0.9974,-0.0723,0,0,0.0723,0.9974,0,0,0,0,1,0,15.3986,-0.0001,0,1]},
{"frame":120,"values":[0.996,-0.0888,0,0,0.0888,0.996,0,0,0,0,1,0,15.3986,-0.0001,0,1]},
{"frame":121,"values":[0.9947,-0.1025,0,0,0.1025,0.9947,0,0,0,0,1,0,15.3986,-0.0001,0,1]},
{"frame":122,"values":[0.9936,-0.1128,0,0,0.1128,0.9936,0,0,0,0,1,0,15.3986,-0.0001,0,1]},
{"frame":123,"values":[0.9929,-0.119,0,0,0.119,0.9929,0,0,0,0,1,0,15.3986,-0.0001,0,1]},
{"frame":124,"values":[0.9928,-0.1197,0,0,0.1197,0.9928,0,0,0,0,1,0,15.3986,-0.0001,0,1]},
{"frame":125,"values":[0.9933,-0.1153,0,0,0.1153,0.9933,0,0,0,0,1,0,15.3986,-0.0001,0,1]},
{"frame":126,"values":[0.9944,-0.106,0,0,0.106,0.9944,0,0,0,0,1,0,15.3986,-0.0001,0,1]},
{"frame":127,"values":[0.9957,-0.0922,0,0,0.0922,0.9957,0,0,0,0,1,0,15.3986,-0.0001,0,1]},
{"frame":128,"values":[0.9972,-0.0744,0,0,0.0744,0.9972,0,0,0,0,1,0,15.3986,-0.0001,0,1]},
{"frame":129,"values":[0.9985,-0.0542,0,0,0.0542,0.9985,0,0,0,0,1,0,15.3986,-0.0001,0,1]},
{"frame":130,"values":[0.9995,-0.0325,0,0,0.0325,0.9995,0,0,0,0,1,0,15.3986,-0.0001,0,1]},
{"frame":131,"values":[0.9999,-0.0103,0,0,0.0103,0.9999,0,0,0,0,1,0,15.3986,-0.0001,0,1]},
{"frame":132,"values":[0.9999,0.0117,0,0,-0.0117,0.9999,0,0,0,0,1,0,15.3986,-0.0001,0,1]},
{"frame":133,"values":[0.9995,0.033,0,0,-0.033,0.9995,0,0,0,0,1,0,15.3986,-0.0001,0,1]},
{"frame":134,"values":[0.9986,0.0531,0,0,-0.0531,0.9986,0,0,0,0,1,0,15.3986,-0.0001,0,1]},
{"frame":135,"values":[0.9974,0.0719,0,0,-0.0719,0.9974,0,0,0,0,1,0,15.3986,-0.0001,0,1]}],"loopBehavior":1,"name":"anim","property":"_matrix"}},
{"name":"xuong:xuong:bn_tail04","index":4,"matrix":[0.9996,0.0296,0,0,-0.0296,0.9996,0,0,0,0,1,0,16.5328,0.0007,0,1],"rest":[1,0,0,0,0,1,0,0,0,0,1,0,16.5328,0.0007,0,1],"parentBoneIndex":3,"length":16.0201
,"animation":{"dataType":3,"framePerSecond":24,"keys":[
{"frame":1,"values":[0.9996,0.0296,0,0,-0.0296,0.9996,0,0,0,0,1,0,16.5328,0.0007,0,1]},
{"frame":2,"values":[0.9985,0.0548,0,0,-0.0548,0.9985,0,0,0,0,1,0,16.5328,0.0007,0,1]},
{"frame":3,"values":[0.9969,0.0783,0,0,-0.0783,0.9969,0,0,0,0,1,0,16.5328,0.0007,0,1]},
{"frame":4,"values":[0.995,0.0998,0,0,-0.0998,0.995,0,0,0,0,1,0,16.5328,0.0007,0,1]},
{"frame":5,"values":[0.993,0.1185,0,0,-0.1185,0.993,0,0,0,0,1,0,16.5328,0.0007,0,1]},
{"frame":6,"values":[0.9911,0.1333,0,0,-0.1333,0.9911,0,0,0,0,1,0,16.5328,0.0007,0,1]},
{"frame":7,"values":[0.9896,0.1435,0,0,-0.1435,0.9896,0,0,0,0,1,0,16.5328,0.0007,0,1]},
{"frame":8,"values":[0.9889,0.1484,0,0,-0.1484,0.9889,0,0,0,0,1,0,16.5328,0.0007,0,1]},
{"frame":9,"values":[0.9891,0.1473,0,0,-0.1473,0.9891,0,0,0,0,1,0,16.5328,0.0007,0,1]},
{"frame":10,"values":[0.9903,0.1386,0,0,-0.1386,0.9903,0,0,0,0,1,0,16.5328,0.0007,0,1]},
{"frame":11,"values":[0.9923,0.1239,0,0,-0.1239,0.9923,0,0,0,0,1,0,16.5328,0.0007,0,1]},
{"frame":12,"values":[0.9946,0.1039,0,0,-0.1039,0.9946,0,0,0,0,1,0,16.5328,0.0007,0,1]},
{"frame":13,"values":[0.9968,0.08,0,0,-0.08,0.9968,0,0,0,0,1,0,16.5328,0.0007,0,1]},
{"frame":14,"values":[0.9986,0.0532,0,0,-0.0532,0.9986,0,0,0,0,1,0,16.5328,0.0007,0,1]},
{"frame":15,"values":[0.9997,0.0255,0,0,-0.0255,0.9997,0,0,0,0,1,0,16.5328,0.0007,0,1]},
{"frame":16,"values":[1,-0.0023,0,0,0.0023,1,0,0,0,0,1,0,16.5328,0.0007,0,1]},
{"frame":17,"values":[0.9996,-0.0293,0,0,0.0293,0.9996,0,0,0,0,1,0,16.5328,0.0007,0,1]},
{"frame":18,"values":[0.9985,-0.0549,0,0,0.0549,0.9985,0,0,0,0,1,0,16.5328,0.0007,0,1]},
{"frame":19,"values":[0.9969,-0.0788,0,0,0.0788,0.9969,0,0,0,0,1,0,16.5328,0.0007,0,1]},
{"frame":20,"values":[0.9949,-0.1005,0,0,0.1005,0.9949,0,0,0,0,1,0,16.5328,0.0007,0,1]},
{"frame":21,"values":[0.9928,-0.1194,0,0,0.1194,0.9928,0,0,0,0,1,0,16.5328,0.0007,0,1]},
{"frame":22,"values":[0.991,-0.1342,0,0,0.1342,0.991,0,0,0,0,1,0,16.5328,0.0007,0,1]},
{"frame":23,"values":[0.9895,-0.1443,0,0,0.1443,0.9895,0,0,0,0,1,0,16.5328,0.0007,0,1]},
{"frame":24,"values":[0.9888,-0.149,0,0,0.149,0.9888,0,0,0,0,1,0,16.5328,0.0007,0,1]},
{"frame":25,"values":[0.9891,-0.1475,0,0,0.1475,0.9891,0,0,0,0,1,0,16.5328,0.0007,0,1]},
{"frame":26,"values":[0.9904,-0.1384,0,0,0.1384,0.9904,0,0,0,0,1,0,16.5328,0.0007,0,1]},
{"frame":27,"values":[0.9924,-0.1232,0,0,0.1232,0.9924,0,0,0,0,1,0,16.5328,0.0007,0,1]},
{"frame":28,"values":[0.9947,-0.103,0,0,0.103,0.9947,0,0,0,0,1,0,16.5328,0.0007,0,1]},
{"frame":29,"values":[0.9969,-0.0789,0,0,0.0789,0.9969,0,0,0,0,1,0,16.5328,0.0007,0,1]},
{"frame":30,"values":[0.9986,-0.0522,0,0,0.0522,0.9986,0,0,0,0,1,0,16.5328,0.0007,0,1]},
{"frame":31,"values":[0.9997,-0.0247,0,0,0.0247,0.9997,0,0,0,0,1,0,16.5328,0.0007,0,1]},
{"frame":32,"values":[1,0.0028,0,0,-0.0028,1,0,0,0,0,1,0,16.5328,0.0007,0,1]},
{"frame":33,"values":[0.9996,0.0296,0,0,-0.0296,0.9996,0,0,0,0,1,0,16.5328,0.0007,0,1]},
{"frame":34,"values":[0.9985,0.0548,0,0,-0.0548,0.9985,0,0,0,0,1,0,16.5328,0.0007,0,1]},
{"frame":35,"values":[0.9969,0.0783,0,0,-0.0783,0.9969,0,0,0,0,1,0,16.5328,0.0007,0,1]},
{"frame":36,"values":[0.995,0.0998,0,0,-0.0998,0.995,0,0,0,0,1,0,16.5328,0.0007,0,1]},
{"frame":37,"values":[0.993,0.1185,0,0,-0.1185,0.993,0,0,0,0,1,0,16.5328,0.0007,0,1]},
{"frame":38,"values":[0.9911,0.1333,0,0,-0.1333,0.9911,0,0,0,0,1,0,16.5328,0.0007,0,1]},
{"frame":39,"values":[0.9896,0.1435,0,0,-0.1435,0.9896,0,0,0,0,1,0,16.5328,0.0007,0,1]},
{"frame":40,"values":[0.9889,0.1484,0,0,-0.1484,0.9889,0,0,0,0,1,0,16.5328,0.0007,0,1]},
{"frame":41,"values":[0.9891,0.1473,0,0,-0.1473,0.9891,0,0,0,0,1,0,16.5328,0.0007,0,1]},
{"frame":42,"values":[0.9903,0.1386,0,0,-0.1386,0.9903,0,0,0,0,1,0,16.5328,0.0007,0,1]},
{"frame":43,"values":[0.9923,0.1239,0,0,-0.1239,0.9923,0,0,0,0,1,0,16.5328,0.0007,0,1]},
