{"producer":{"name":"Blender","version":"2.79 (sub 0)","exporter_version":"5.6.3","file":"Fish6.babylon"},
"autoClear":true,"clearColor":[0.0509,0.0509,0.0509],"ambientColor":[0,0,0],"gravity":[0,-9.81,0],
"materials":[{"name":"Fish6.ca_duoi_gai_xanh_texture_low","id":"Fish6.ca_duoi_gai_xanh_texture_low","ambient":[1,1,1],"diffuse":[0.8,0.8,0.8],"specular":[0.5,0.5,0.5],"emissive":[0,0,0],"specularPower":49,"alpha":1,"backFaceCulling":true,"checkReadyOnlyOnce":false,"maxSimultaneousLights":4, 
"diffuseTexture":{"name":"","level":1,"hasAlpha":1,"coordinatesMode":0,"uOffset":0,"vOffset":0,"uScale":1,"vScale":1,"uAng":0,"vAng":0,"wAng":0,"wrapU":1,"wrapV":1,"coordinatesIndex":0}}],
"multiMaterials":[],
"skeletons":[{"name":"Armature","id":0,"dimensionsAtRest":[53.3982,87.937,20.5398],"bones":[
{"name":"xuong2:Bip01","index":0,"matrix":[1,0,0,0,0,1,0,0,0,0,-1,0,0,0,0,1],"rest":[1,0,0,0,0,1,0,0,0,0,-1,0,0,0,0,1],"parentBoneIndex":-1,"length":0.01
,"animation":{"dataType":3,"framePerSecond":30,"keys":[
{"frame":1,"values":[1,0,0,0,0,1,0,0,0,0,-1,0,0,0,0,1]},
{"frame":31,"values":[1,0,0,0,0,1,0,0,0,0,-1,0,0,0,0,1]},
{"frame":42,"values":[1,0,0,0,0,1,0,0,0,0,-1,0,0,0,0,1]},
{"frame":114,"values":[1,0,0,0,0,1,0,0,0,0,-1,0,0,0,0,1]}],"loopBehavior":1,"name":"anim","property":"_matrix"}},
{"name":"xuong2:dau","index":1,"matrix":[0.9848,0,0.1736,0,0.0242,0.9903,-0.1371,0,-0.172,0.1392,0.9752,0,0,0,0,1],"rest":[1,0,0,0,0,1,0,0,0,0,1,0,0,0,0,1],"parentBoneIndex":0,"length":18.3759
,"animation":{"dataType":3,"framePerSecond":30,"keys":[
{"frame":1,"values":[0.9848,0,0.1736,0,0.0242,0.9903,-0.1371,0,-0.172,0.1392,0.9752,0,0,0,0,1]},
{"frame":3,"values":[0.9857,0,0.1686,0,0.0228,0.9908,-0.1332,0,-0.1671,0.1351,0.9766,0,0,0,0,1]},
{"frame":4,"values":[0.988,0,0.1546,0,0.0191,0.9923,-0.1224,0,-0.1534,0.1238,0.9804,0,0,0,0,1]},
{"frame":5,"values":[0.9911,0,0.1329,0,0.0141,0.9943,-0.1055,0,-0.1322,0.1065,0.9855,0,0,0,0,1]},
{"frame":6,"values":[0.9945,0,0.1051,0,0.0088,0.9965,-0.0837,0,-0.1048,0.0842,0.9909,0,0,0,0,1]},
{"frame":7,"values":[0.9974,0,0.0727,0,0.0042,0.9983,-0.058,0,-0.0726,0.0582,0.9957,0,0,0,0,1]},
{"frame":8,"values":[0.9993,0,0.0371,0,0.0011,0.9996,-0.0297,0,-0.0371,0.0297,0.9989,0,0,0,0,1]},
{"frame":9,"values":[1,0,0,0,0,1,0,0,0,0,1,0,0,0,0,1]},
{"frame":10,"values":[0.9993,0,-0.0371,0,0.0011,0.9996,0.0297,0,0.0371,-0.0297,0.9989,0,0,0,0,1]},
{"frame":11,"values":[0.9974,0,-0.0727,0,0.0042,0.9983,0.058,0,0.0726,-0.0582,0.9957,0,0,0,0,1]},
{"frame":12,"values":[0.9945,0,-0.1051,0,0.0088,0.9965,0.0837,0,0.1048,-0.0842,0.9909,0,0,0,0,1]},
{"frame":13,"values":[0.9911,0,-0.1329,0,0.0141,0.9943,0.1055,0,0.1322,-0.1065,0.9855,0,0,0,0,1]},
{"frame":14,"values":[0.988,0,-0.1546,0,0.0191,0.9923,0.1224,0,0.1534,-0.1238,0.9804,0,0,0,0,1]},
{"frame":15,"values":[0.9857,0,-0.1686,0,0.0228,0.9908,0.1332,0,0.1671,-0.1351,0.9766,0,0,0,0,1]},
{"frame":16,"values":[0.9848,0,-0.1736,0,0.0242,0.9903,0.1371,0,0.172,-0.1392,0.9752,0,0,0,0,1]},
{"frame":17,"values":[0.9856,0,-0.1693,0,0.023,0.9908,0.1337,0,0.1677,-0.1356,0.9765,0,0,0,0,1]},
{"frame":18,"values":[0.9876,0,-0.1569,0,0.0197,0.9921,0.1242,0,0.1557,-0.1257,0.9798,0,0,0,0,1]},
{"frame":19,"values":[0.9905,0,-0.1378,0,0.0152,0.9939,0.1093,0,0.1369,-0.1104,0.9844,0,0,0,0,1]},
{"frame":20,"values":[0.9936,0,-0.1131,0,0.0102,0.9959,0.0899,0,0.1126,-0.0905,0.9895,0,0,0,0,1]},
{"frame":21,"values":[0.9965,0,-0.0839,0,0.0056,0.9977,0.0669,0,0.0837,-0.0672,0.9942,0,0,0,0,1]},
{"frame":22,"values":[0.9987,0,-0.0516,0,0.0021,0.9991,0.0413,0,0.0516,-0.0413,0.9978,0,0,0,0,1]},
{"frame":23,"values":[0.9998,0,-0.0174,0,0.0002,0.9999,0.0139,0,0.0174,-0.0139,0.9998,0,0,0,0,1]},
{"frame":24,"values":[0.9998,0,0.0174,0,0.0002,0.9999,-0.0139,0,-0.0174,0.0139,0.9998,0,0,0,0,1]},
{"frame":25,"values":[0.9987,0,0.0516,0,0.0021,0.9991,-0.0413,0,-0.0516,0.0413,0.9978,0,0,0,0,1]},
{"frame":26,"values":[0.9965,0,0.0839,0,0.0056,0.9977,-0.0669,0,-0.0837,0.0672,0.9942,0,0,0,0,1]},
{"frame":27,"values":[0.9936,0,0.1131,0,0.0102,0.9959,-0.0899,0,-0.1126,0.0905,0.9895,0,0,0,0,1]},
{"frame":28,"values":[0.9905,0,0.1378,0,0.0152,0.9939,-0.1093,0,-0.1369,0.1104,0.9844,0,0,0,0,1]},
{"frame":29,"values":[0.9876,0,0.1569,0,0.0197,0.9921,-0.1242,0,-0.1557,0.1257,0.9798,0,0,0,0,1]},
{"frame":30,"values":[0.9856,0,0.1693,0,0.023,0.9908,-0.1337,0,-0.1677,0.1356,0.9765,0,0,0,0,1]},
{"frame":31,"values":[0.9848,0,0.1736,0,0.0242,0.9903,-0.1371,0,-0.172,0.1392,0.9752,0,0,0,0,1]},
{"frame":42,"values":[0.9848,0,0.1736,0,0.0242,0.9903,-0.1371,0,-0.172,0.1392,0.9752,0,0,0,0,1]},
{"frame":43,"values":[0.9857,0,0.1686,0,0.0228,0.9908,-0.1332,0,-0.1671,0.1351,0.9766,0,0,0,0,1]},
{"frame":44,"values":[0.988,0,0.1546,0,0.0191,0.9923,-0.1224,0,-0.1534,0.1238,0.9804,0,0,0,0,1]},
{"frame":45,"values":[0.9911,0,0.1329,0,0.0141,0.9943,-0.1055,0,-0.1322,0.1065,0.9855,0,0,0,0,1]},
{"frame":46,"values":[0.9945,0,0.1051,0,0.0088,0.9965,-0.0837,0,-0.1048,0.0842,0.9909,0,0,0,0,1]},
{"frame":47,"values":[0.9974,0,0.0727,0,0.0042,0.9983,-0.058,0,-0.0726,0.0582,0.9957,0,0,0,0,1]},
{"frame":48,"values":[0.9993,0,0.0371,0,0.0011,0.9996,-0.0297,0,-0.0371,0.0297,0.9989,0,0,0,0,1]},
{"frame":49,"values":[1,0,0,0,0,1,0,0,0,0,1,0,0,0,0,1]},
{"frame":50,"values":[0.9993,0,-0.0371,0,0.0011,0.9996,0.0297,0,0.0371,-0.0297,0.9989,0,0,0,0,1]},
{"frame":51,"values":[0.9974,0,-0.0727,0,0.0042,0.9983,0.058,0,0.0726,-0.0582,0.9957,0,0,0,0,1]},
{"frame":52,"values":[0.9945,0,-0.1051,0,0.0088,0.9965,0.0837,0,0.1048,-0.0842,0.9909,0,0,0,0,1]},
{"frame":53,"values":[0.9911,0,-0.1329,0,0.0141,0.9943,0.1055,0,0.1322,-0.1065,0.9855,0,0,0,0,1]},
{"frame":54,"values":[0.988,0,-0.1546,0,0.0191,0.9923,0.1224,0,0.1534,-0.1238,0.9804,0,0,0,0,1]},
{"frame":55,"values":[0.9857,0,-0.1686,0,0.0228,0.9908,0.1332,0,0.1671,-0.1351,0.9766,0,0,0,0,1]},
{"frame":56,"values":[0.9848,0,-0.1736,0,0.0242,0.9903,0.1371,0,0.172,-0.1392,0.9752,0,0,0,0,1]},
{"frame":57,"values":[0.9856,0,-0.1693,0,0.023,0.9908,0.1337,0,0.1677,-0.1356,0.9765,0,0,0,0,1]},
{"frame":58,"values":[0.9876,0,-0.1569,0,0.0197,0.9921,0.1242,0,0.1557,-0.1257,0.9798,0,0,0,0,1]},
{"frame":59,"values":[0.9905,0,-0.1378,0,0.0152,0.9939,0.1093,0,0.1369,-0.1104,0.9844,0,0,0,0,1]},
{"frame":60,"values":[0.9936,0,-0.1131,0,0.0102,0.9959,0.0899,0,0.1126,-0.0905,0.9895,0,0,0,0,1]},
{"frame":61,"values":[0.9965,0,-0.0839,0,0.0056,0.9977,0.0669,0,0.0837,-0.0672,0.9942,0,0,0,0,1]},
{"frame":62,"values":[0.9987,0,-0.0516,0,0.0021,0.9991,0.0413,0,0.0516,-0.0413,0.9978,0,0,0,0,1]},
{"frame":63,"values":[0.9998,0,-0.0174,0,0.0002,0.9999,0.0139,0,0.0174,-0.0139,0.9998,0,0,0,0,1]},
{"frame":64,"values":[0.9998,0,0.0174,0,0.0002,0.9999,-0.0139,0,-0.0174,0.0139,0.9998,0,0,0,0,1]},
{"frame":65,"values":[0.9987,0,0.0516,0,0.0021,0.9991,-0.0413,0,-0.0516,0.0413,0.9978,0,0,0,0,1]},
{"frame":66,"values":[0.9965,0,0.0839,0,0.0056,0.9977,-0.0669,0,-0.0837,0.0672,0.9942,0,0,0,0,1]},
{"frame":67,"values":[0.9936,0,0.1131,0,0.0102,0.9959,-0.0899,0,-0.1126,0.0905,0.9895,0,0,0,0,1]},
{"frame":68,"values":[0.9905,0,0.1378,0,0.0152,0.9939,-0.1093,0,-0.1369,0.1104,0.9844,0,0,0,0,1]},
{"frame":69,"values":[0.9876,0,0.1569,0,0.0197,0.9921,-0.1242,0,-0.1557,0.1257,0.9798,0,0,0,0,1]},
{"frame":70,"values":[0.9856,0,0.1693,0,0.023,0.9908,-0.1337,0,-0.1677,0.1356,0.9765,0,0,0,0,1]},
{"frame":71,"values":[0.9848,0,0.1736,0,0.0242,0.9903,-0.1371,0,-0.172,0.1392,0.9752,0,0,0,0,1]},
{"frame":114,"values":[0.9848,0,0.1736,0,0.0242,0.9903,-0.1371,0,-0.172,0.1392,0.9752,0,0,0,0,1]}],"loopBehavior":1,"name":"anim","property":"_matrix"}},
{"name":"xuong2:ham_tren","index":2,"matrix":[1,0,0,0,0,1,0,0,0,0,1,0,21.2217,0.0071,0,1],"rest":[1,0,0,0,0,1,0,0,0,0,1,0,21.2217,0.0071,0,1],"parentBoneIndex":1,"length":18.3759
,"animation":{"dataType":3,"framePerSecond":30,"keys":[
{"frame":1,"values":[1,0,0,0,0,1,0,0,0,0,1,0,21.2217,0.0071,0,1]},
{"frame":3,"values":[1,0,0,0,0,1,0,0,0,0,1,0,21.2217,0.0289,0,1]},
{"frame":4,"values":[1,0,0,0,0,1,0,0,0,0,1,0,21.2217,0.0901,0,1]},
{"frame":5,"values":[1,0,0,0,0,1,0,0,0,0,1,0,21.2217,0.1842,0,1]},
{"frame":6,"values":[1,0,0,0,0,1,0,0,0,0,1,0,21.2217,0.3044,0,1]},
{"frame":7,"values":[1,0,0,0,0,1,0,0,0,0,1,0,21.2217,0.4444,0,1]},
{"frame":8,"values":[1,0,0,0,0,1,0,0,0,0,1,0,21.2217,0.5974,0,1]},
{"frame":9,"values":[1,0,0,0,0,1,0,0,0,0,1,0,21.2217,0.7571,0,1]},
{"frame":10,"values":[1,0,0,0,0,1,0,0,0,0,1,0,21.2217,0.9167,0,1]},
{"frame":11,"values":[1,0,0,0,0,1,0,0,0,0,1,0,21.2217,1.0697,0,1]},
{"frame":12,"values":[1,0,0,0,0,1,0,0,0,0,1,0,21.2217,1.2097,0,1]},
{"frame":13,"values":[1,0,0,0,0,1,0,0,0,0,1,0,21.2217,1.3299,0,1]},
{"frame":14,"values":[1,0,0,0,0,1,0,0,0,0,1,0,21.2217,1.424,0,1]},
{"frame":15,"values":[1,0,0,0,0,1,0,0,0,0,1,0,21.2217,1.4852,0,1]},
{"frame":16,"values":[1,0,0,0,0,1,0,0,0,0,1,0,21.2217,1.5071,0,1]},
{"frame":17,"values":[1,0,0,0,0,1,0,0,0,0,1,0,21.2217,1.4879,0,1]},
{"frame":18,"values":[1,0,0,0,0,1,0,0,0,0,1,0,21.2217,1.4342,0,1]},
{"frame":19,"values":[1,0,0,0,0,1,0,0,0,0,1,0,21.2217,1.3511,0,1]},
{"frame":20,"values":[1,0,0,0,0,1,0,0,0,0,1,0,21.2217,1.2439,0,1]},
{"frame":21,"values":[1,0,0,0,0,1,0,0,0,0,1,0,21.2217,1.1182,0,1]},
{"frame":22,"values":[1,0,0,0,0,1,0,0,0,0,1,0,21.2217,0.9791,0,1]},
{"frame":23,"values":[1,0,0,0,0,1,0,0,0,0,1,0,21.2217,0.8319,0,1]},
{"frame":24,"values":[1,0,0,0,0,1,0,0,0,0,1,0,21.2217,0.6822,0,1]},
{"frame":25,"values":[1,0,0,0,0,1,0,0,0,0,1,0,21.2217,0.5351,0,1]},
{"frame":26,"values":[1,0,0,0,0,1,0,0,0,0,1,0,21.2217,0.3959,0,1]},
{"frame":27,"values":[1,0,0,0,0,1,0,0,0,0,1,0,21.2217,0.2702,0,1]},
{"frame":28,"values":[1,0,0,0,0,1,0,0,0,0,1,0,21.2217,0.1631,0,1]},
{"frame":29,"values":[1,0,0,0,0,1,0,0,0,0,1,0,21.2217,0.0799,0,1]},
{"frame":30,"values":[1,0,0,0,0,1,0,0,0,0,1,0,21.2217,0.0262,0,1]},
{"frame":31,"values":[1,0,0,0,0,1,0,0,0,0,1,0,21.2217,0.0071,0,1]},
{"frame":42,"values":[1,0,0,0,0,1,0,0,0,0,1,0,21.2217,0.0071,0,1]},
{"frame":43,"values":[1,0,0,0,0,1,0,0,0,0,1,0,21.2217,0.0289,0,1]},
{"frame":44,"values":[1,0,0,0,0,1,0,0,0,0,1,0,21.2217,0.0901,0,1]},
{"frame":45,"values":[1,0,0,0,0,1,0,0,0,0,1,0,21.2217,0.1842,0,1]},
{"frame":46,"values":[1,0,0,0,0,1,0,0,0,0,1,0,21.2217,0.3044,0,1]},
{"frame":47,"values":[1,0,0,0,0,1,0,0,0,0,1,0,21.2217,0.4444,0,1]},
{"frame":48,"values":[1,0,0,0,0,1,0,0,0,0,1,0,21.2217,0.5974,0,1]},
{"frame":49,"values":[1,0,0,0,0,1,0,0,0,0,1,0,21.2217,0.7571,0,1]},
{"frame":50,"values":[1,0,0,0,0,1,0,0,0,0,1,0,21.2217,0.9167,0,1]},
{"frame":51,"values":[1,0,0,0,0,1,0,0,0,0,1,0,21.2217,1.0697,0,1]},
{"frame":52,"values":[1,0,0,0,0,1,0,0,0,0,1,0,21.2217,1.2097,0,1]},
{"frame":53,"values":[1,0,0,0,0,1,0,0,0,0,1,0,21.2217,1.3299,0,1]},
{"frame":54,"values":[1,0,0,0,0,1,0,0,0,0,1,0,21.2217,1.424,0,1]},
{"frame":55,"values":[1,0,0,0,0,1,0,0,0,0,1,0,21.2217,1.4852,0,1]},
{"frame":56,"values":[1,0,0,0,0,1,0,0,0,0,1,0,21.2217,1.5071,0,1]},
{"frame":57,"values":[1,0,0,0,0,1,0,0,0,0,1,0,21.2217,1.4879,0,1]},
{"frame":58,"values":[1,0,0,0,0,1,0,0,0,0,1,0,21.2217,1.4342,0,1]},
{"frame":59,"values":[1,0,0,0,0,1,0,0,0,0,1,0,21.2217,1.3511,0,1]},
{"frame":60,"values":[1,0,0,0,0,1,0,0,0,0,1,0,21.2217,1.2439,0,1]},
{"frame":61,"values":[1,0,0,0,0,1,0,0,0,0,1,0,21.2217,1.1182,0,1]},
{"frame":62,"values":[1,0,0,0,0,1,0,0,0,0,1,0,21.2217,0.9791,0,1]},
{"frame":63,"values":[1,0,0,0,0,1,0,0,0,0,1,0,21.2217,0.8319,0,1]},
{"frame":64,"values":[1,0,0,0,0,1,0,0,0,0,1,0,21.2217,0.6822,0,1]},
{"frame":65,"values":[1,0,0,0,0,1,0,0,0,0,1,0,21.2217,0.5351,0,1]},
{"frame":66,"values":[1,0,0,0,0,1,0,0,0,0,1,0,21.2217,0.3959,0,1]},
{"frame":67,"values":[1,0,0,0,0,1,0,0,0,0,1,0,21.2217,0.2702,0,1]},
{"frame":68,"values":[1,0,0,0,0,1,0,0,0,0,1,0,21.2217,0.1631,0,1]},
{"frame":69,"values":[1,0,0,0,0,1,0,0,0,0,1,0,21.2217,0.0799,0,1]},
{"frame":70,"values":[1,0,0,0,0,1,0,0,0,0,1,0,21.2217,0.0262,0,1]},
{"frame":71,"values":[1,0,0,0,0,1,0,0,0,0,1,0,21.2217,0.0071,0,1]},
{"frame":114,"values":[1,0,0,0,0,1,0,0,0,0,1,0,21.2217,0.0071,0,1]}],"loopBehavior":1,"name":"anim","property":"_matrix"}},
{"name":"xuong2:ham_duoi","index":3,"matrix":[1,0,0,0,0,1,0,0,0,0,1,0,10.0779,-11.162,0,1],"rest":[1,0,0,0,0,1,0,0,0,0,1,0,10.0779,-11.162,0,1],"parentBoneIndex":1,"length":18.3759
,"animation":{"dataType":3,"framePerSecond":30,"keys":[
{"frame":1,"values":[1,0,0,0,0,1,0,0,0,0,1,0,10.0779,-11.162,0,1]},
{"frame":3,"values":[1,0,0,0,0,1,0,0,0,0,1,0,10.0663,-11.1839,0,1]},
{"frame":4,"values":[1,0,0,0,0,1,0,0,0,0,1,0,10.0336,-11.2451,0,1]},
{"frame":5,"values":[1,0,0,0,0,1,0,0,0,0,1,0,9.9835,-11.3391,0,1]},
{"frame":6,"values":[1,0,0,0,0,1,0,0,0,0,1,0,9.9193,-11.4594,0,1]},
{"frame":7,"values":[1,0,0,0,0,1,0,0,0,0,1,0,9.8447,-11.5993,0,1]},
{"frame":8,"values":[1,0,0,0,0,1,0,0,0,0,1,0,9.7631,-11.7524,0,1]},
{"frame":9,"values":[1,0,0,0,0,1,0,0,0,0,1,0,9.6779,-11.912,0,1]},
{"frame":10,"values":[1,0,0,0,0,1,0,0,0,0,1,0,9.5928,-12.0716,0,1]},
{"frame":11,"values":[1,0,0,0,0,1,0,0,0,0,1,0,9.5112,-12.2247,0,1]},
{"frame":12,"values":[1,0,0,0,0,1,0,0,0,0,1,0,9.4365,-12.3646,0,1]},
{"frame":13,"values":[1,0,0,0,0,1,0,0,0,0,1,0,9.3724,-12.4849,0,1]},
{"frame":14,"values":[1,0,0,0,0,1,0,0,0,0,1,0,9.3223,-12.5789,0,1]},
{"frame":15,"values":[1,0,0,0,0,1,0,0,0,0,1,0,9.2896,-12.6401,0,1]},
{"frame":16,"values":[1,0,0,0,0,1,0,0,0,0,1,0,9.2779,-12.662,0,1]},
{"frame":17,"values":[1,0,0,0,0,1,0,0,0,0,1,0,9.2881,-12.6429,0,1]},
{"frame":18,"values":[1,0,0,0,0,1,0,0,0,0,1,0,9.3168,-12.5891,0,1]},
{"frame":19,"values":[1,0,0,0,0,1,0,0,0,0,1,0,9.3611,-12.506,0,1]},
{"frame":20,"values":[1,0,0,0,0,1,0,0,0,0,1,0,9.4183,-12.3989,0,1]},
{"frame":21,"values":[1,0,0,0,0,1,0,0,0,0,1,0,9.4854,-12.2731,0,1]},
{"frame":22,"values":[1,0,0,0,0,1,0,0,0,0,1,0,9.5595,-12.134,0,1]},
{"frame":23,"values":[1,0,0,0,0,1,0,0,0,0,1,0,9.638,-11.9869,0,1]},
{"frame":24,"values":[1,0,0,0,0,1,0,0,0,0,1,0,9.7179,-11.8371,0,1]},
{"frame":25,"values":[1,0,0,0,0,1,0,0,0,0,1,0,9.7963,-11.69,0,1]},
{"frame":26,"values":[1,0,0,0,0,1,0,0,0,0,1,0,9.8705,-11.5509,0,1]},
{"frame":27,"values":[1,0,0,0,0,1,0,0,0,0,1,0,9.9376,-11.4251,0,1]},
{"frame":28,"values":[1,0,0,0,0,1,0,0,0,0,1,0,9.9947,-11.318,0,1]},
{"frame":29,"values":[1,0,0,0,0,1,0,0,0,0,1,0,10.0391,-11.2349,0,1]},
{"frame":30,"values":[1,0,0,0,0,1,0,0,0,0,1,0,10.0678,-11.1811,0,1]},
{"frame":31,"values":[1,0,0,0,0,1,0,0,0,0,1,0,10.0779,-11.162,0,1]},
{"frame":42,"values":[1,0,0,0,0,1,0,0,0,0,1,0,10.0779,-11.162,0,1]},
{"frame":43,"values":[1,0,0,0,0,1,0,0,0,0,1,0,10.0663,-11.1839,0,1]},
{"frame":44,"values":[1,0,0,0,0,1,0,0,0,0,1,0,10.0336,-11.2451,0,1]},
{"frame":45,"values":[1,0,0,0,0,1,0,0,0,0,1,0,9.9835,-11.3391,0,1]},
{"frame":46,"values":[1,0,0,0,0,1,0,0,0,0,1,0,9.9193,-11.4594,0,1]},
{"frame":47,"values":[1,0,0,0,0,1,0,0,0,0,1,0,9.8447,-11.5993,0,1]},
{"frame":48,"values":[1,0,0,0,0,1,0,0,0,0,1,0,9.7631,-11.7524,0,1]},
{"frame":49,"values":[1,0,0,0,0,1,0,0,0,0,1,0,9.6779,-11.912,0,1]},
{"frame":50,"values":[1,0,0,0,0,1,0,0,0,0,1,0,9.5928,-12.0716,0,1]},
{"frame":51,"values":[1,0,0,0,0,1,0,0,0,0,1,0,9.5112,-12.2247,0,1]},
{"frame":52,"values":[1,0,0,0,0,1,0,0,0,0,1,0,9.4365,-12.3646,0,1]},
{"frame":53,"values":[1,0,0,0,0,1,0,0,0,0,1,0,9.3724,-12.4849,0,1]},
{"frame":54,"values":[1,0,0,0,0,1,0,0,0,0,1,0,9.3223,-12.5789,0,1]},
{"frame":55,"values":[1,0,0,0,0,1,0,0,0,0,1,0,9.2896,-12.6401,0,1]},
{"frame":56,"values":[1,0,0,0,0,1,0,0,0,0,1,0,9.2779,-12.662,0,1]},
{"frame":57,"values":[1,0,0,0,0,1,0,0,0,0,1,0,9.2881,-12.6429,0,1]},
{"frame":58,"values":[1,0,0,0,0,1,0,0,0,0,1,0,9.3168,-12.5891,0,1]},
{"frame":59,"values":[1,0,0,0,0,1,0,0,0,0,1,0,9.3611,-12.506,0,1]},
{"frame":60,"values":[1,0,0,0,0,1,0,0,0,0,1,0,9.4183,-12.3989,0,1]},
{"frame":61,"values":[1,0,0,0,0,1,0,0,0,0,1,0,9.4854,-12.2731,0,1]},
{"frame":62,"values":[1,0,0,0,0,1,0,0,0,0,1,0,9.5595,-12.134,0,1]},
{"frame":63,"values":[1,0,0,0,0,1,0,0,0,0,1,0,9.638,-11.9869,0,1]},
{"frame":64,"values":[1,0,0,0,0,1,0,0,0,0,1,0,9.7179,-11.8371,0,1]},
{"frame":65,"values":[1,0,0,0,0,1,0,0,0,0,1,0,9.7963,-11.69,0,1]},
{"frame":66,"values":[1,0,0,0,0,1,0,0,0,0,1,0,9.8705,-11.5509,0,1]},
{"frame":67,"values":[1,0,0,0,0,1,0,0,0,0,1,0,9.9376,-11.4251,0,1]},
{"frame":68,"values":[1,0,0,0,0,1,0,0,0,0,1,0,9.9947,-11.318,0,1]},
{"frame":69,"values":[1,0,0,0,0,1,0,0,0,0,1,0,10.0391,-11.2349,0,1]},
{"frame":70,"values":[1,0,0,0,0,1,0,0,0,0,1,0,10.0678,-11.1811,0,1]},
{"frame":71,"values":[1,0,0,0,0,1,0,0,0,0,1,0,10.0779,-11.162,0,1]},
{"frame":114,"values":[1,0,0,0,0,1,0,0,0,0,1,0,10.0779,-11.162,0,1]}],"loopBehavior":1,"name":"anim","property":"_matrix"}},
{"name":"xuong2:khoe_mieng_trai","index":4,"matrix":[1,0,0,0,0,1,0,0,0,0,1,0,10.1277,-11.2025,-5.9016,1],"rest":[1,0,0,0,0,1,0,0,0,0,1,0,10.1277,-11.2025,-5.9016,1],"parentBoneIndex":1,"length":18.3759
,"animation":{"dataType":3,"framePerSecond":30,"keys":[
{"frame":1,"values":[1,0,0,0,0,1,0,0,0,0,1,0,10.1277,-11.2025,-5.9016,1]},
{"frame":3,"values":[1,0,0,0,0,1,0,0,0,0,1,0,10.1277,-11.2025,-5.887,1]},
{"frame":4,"values":[1,0,0,0,0,1,0,0,0,0,1,0,10.1277,-11.2025,-5.8462,1]},
{"frame":5,"values":[1,0,0,0,0,1,0,0,0,0,1,0,10.1277,-11.2025,-5.7835,1]},
{"frame":6,"values":[1,0,0,0,0,1,0,0,0,0,1,0,10.1277,-11.2025,-5.7033,1]},
{"frame":7,"values":[1,0,0,0,0,1,0,0,0,0,1,0,10.1277,-11.2025,-5.61,1]},
{"frame":8,"values":[1,0,0,0,0,1,0,0,0,0,1,0,10.1277,-11.2025,-5.508,1]},
{"frame":9,"values":[1,0,0,0,0,1,0,0,0,0,1,0,10.1277,-11.2025,-5.4016,1]},
{"frame":10,"values":[1,0,0,0,0,1,0,0,0,0,1,0,10.1277,-11.2025,-5.2951,1]},
{"frame":11,"values":[1,0,0,0,0,1,0,0,0,0,1,0,10.1277,-11.2025,-5.1931,1]},
{"frame":12,"values":[1,0,0,0,0,1,0,0,0,0,1,0,10.1277,-11.2025,-5.0998,1]},
{"frame":13,"values":[1,0,0,0,0,1,0,0,0,0,1,0,10.1277,-11.2025,-5.0196,1]},
{"frame":14,"values":[1,0,0,0,0,1,0,0,0,0,1,0,10.1277,-11.2025,-4.9569,1]},
{"frame":15,"values":[1,0,0,0,0,1,0,0,0,0,1,0,10.1277,-11.2025,-4.9161,1]},
{"frame":16,"values":[1,0,0,0,0,1,0,0,0,0,1,0,10.1277,-11.2025,-4.9016,1]},
{"frame":17,"values":[1,0,0,0,0,1,0,0,0,0,1,0,10.1277,-11.2025,-4.9143,1]},
{"frame":18,"values":[1,0,0,0,0,1,0,0,0,0,1,0,10.1277,-11.2025,-4.9501,1]},
{"frame":19,"values":[1,0,0,0,0,1,0,0,0,0,1,0,10.1277,-11.2025,-5.0056,1]},
{"frame":20,"values":[1,0,0,0,0,1,0,0,0,0,1,0,10.1277,-11.2025,-5.077,1]},
{"frame":21,"values":[1,0,0,0,0,1,0,0,0,0,1,0,10.1277,-11.2025,-5.1608,1]},
{"frame":22,"values":[1,0,0,0,0,1,0,0,0,0,1,0,10.1277,-11.2025,-5.2536,1]},
{"frame":23,"values":[1,0,0,0,0,1,0,0,0,0,1,0,10.1277,-11.2025,-5.3516,1]},
{"frame":24,"values":[1,0,0,0,0,1,0,0,0,0,1,0,10.1277,-11.2025,-5.4515,1]},
{"frame":25,"values":[1,0,0,0,0,1,0,0,0,0,1,0,10.1277,-11.2025,-5.5496,1]},
{"frame":26,"values":[1,0,0,0,0,1,0,0,0,0,1,0,10.1277,-11.2025,-5.6423,1]},
{"frame":27,"values":[1,0,0,0,0,1,0,0,0,0,1,0,10.1277,-11.2025,-5.7261,1]},
{"frame":28,"values":[1,0,0,0,0,1,0,0,0,0,1,0,10.1277,-11.2025,-5.7976,1]},
{"frame":29,"values":[1,0,0,0,0,1,0,0,0,0,1,0,10.1277,-11.2025,-5.853,1]},
{"frame":30,"values":[1,0,0,0,0,1,0,0,0,0,1,0,10.1277,-11.2025,-5.8888,1]},
{"frame":31,"values":[1,0,0,0,0,1,0,0,0,0,1,0,10.1277,-11.2025,-5.9016,1]},
{"frame":42,"values":[1,0,0,0,0,1,0,0,0,0,1,0,10.1277,-11.2025,-5.9016,1]},
{"frame":43,"values":[1,0,0,0,0,1,0,0,0,0,1,0,10.1277,-11.2025,-5.887,1]},
{"frame":44,"values":[1,0,0,0,0,1,0,0,0,0,1,0,10.1277,-11.2025,-5.8462,1]},
{"frame":45,"values":[1,0,0,0,0,1,0,0,0,0,1,0,10.1277,-11.2025,-5.7835,1]},
{"frame":46,"values":[1,0,0,0,0,1,0,0,0,0,1,0,10.1277,-11.2025,-5.7033,1]},
{"frame":47,"values":[1,0,0,0,0,1,0,0,0,0,1,0,10.1277,-11.2025,-5.61,1]},
{"frame":48,"values":[1,0,0,0,0,1,0,0,0,0,1,0,10.1277,-11.2025,-5.508,1]},
{"frame":49,"values":[1,0,0,0,0,1,0,0,0,0,1,0,10.1277,-11.2025,-5.4016,1]},
{"frame":50,"values":[1,0,0,0,0,1,0,0,0,0,1,0,10.1277,-11.2025,-5.2951,1]},
{"frame":51,"values":[1,0,0,0,0,1,0,0,0,0,1,0,10.1277,-11.2025,-5.1931,1]},
{"frame":52,"values":[1,0,0,0,0,1,0,0,0,0,1,0,10.1277,-11.2025,-5.0998,1]},
{"frame":53,"values":[1,0,0,0,0,1,0,0,0,0,1,0,10.1277,-11.2025,-5.0196,1]},
{"frame":54,"values":[1,0,0,0,0,1,0,0,0,0,1,0,10.1277,-11.2025,-4.9569,1]},
{"frame":55,"values":[1,0,0,0,0,1,0,0,0,0,1,0,10.1277,-11.2025,-4.9161,1]},
{"frame":56,"values":[1,0,0,0,0,1,0,0,0,0,1,0,10.1277,-11.2025,-4.9016,1]},
{"frame":57,"values":[1,0,0,0,0,1,0,0,0,0,1,0,10.1277,-11.2025,-4.9143,1]},
{"frame":58,"values":[1,0,0,0,0,1,0,0,0,0,1,0,10.1277,-11.2025,-4.9501,1]},
{"frame":59,"values":[1,0,0,0,0,1,0,0,0,0,1,0,10.1277,-11.2025,-5.0056,1]},
{"frame":60,"values":[1,0,0,0,0,1,0,0,0,0,1,0,10.1277,-11.2025,-5.077,1]},
{"frame":61,"values":[1,0,0,0,0,1,0,0,0,0,1,0,10.1277,-11.2025,-5.1608,1]},
{"frame":62,"values":[1,0,0,0,0,1,0,0,0,0,1,0,10.1277,-11.2025,-5.2536,1]},
{"frame":63,"values":[1,0,0,0,0,1,0,0,0,0,1,0,10.1277,-11.2025,-5.3516,1]},
{"frame":64,"values":[1,0,0,0,0,1,0,0,0,0,1,0,10.1277,-11.2025,-5.4515,1]},
{"frame":65,"values":[1,0,0,0,0,1,0,0,0,0,1,0,10.1277,-11.2025,-5.5496,1]},
{"frame":66,"values":[1,0,0,0,0,1,0,0,0,0,1,0,10.1277,-11.2025,-5.6423,1]},
{"frame":67,"values":[1,0,0,0,0,1,0,0,0,0,1,0,10.1277,-11.2025,-5.7261,1]},
{"frame":68,"values":[1,0,0,0,0,1,0,0,0,0,1,0,10.1277,-11.2025,-5.7976,1]},
{"frame":69,"values":[1,0,0,0,0,1,0,0,0,0,1,0,10.1277,-11.2025,-5.853,1]},
{"frame":70,"values":[1,0,0,0,0,1,0,0,0,0,1,0,10.1277,-11.2025,-5.8888,1]},
{"frame":71,"values":[1,0,0,0,0,1,0,0,0,0,1,0,10.1277,-11.2025,-5.9016,1]},
{"frame":114,"values":[1,0,0,0,0,1,0,0,0,0,1,0,10.1277,-11.2025,-5.9016,1]}],"loopBehavior":1,"name":"anim","property":"_matrix"}},
{"name":"xuong2:may_trai","index":5,"matrix":[0.9197,0.3926,0,0,-0.3926,0.9197,0,0,0,0,1,0,17.5285,20.6101,0.0044,1],"rest":[1,0,0,0,0,1,0,0,0,0,1,0,17.5285,20.6101,0.0044,1],"parentBoneIndex":1,"length":18.3759
,"animation":{"dataType":3,"framePerSecond":30,"keys":[
{"frame":1,"values":[0.9197,0.3926,0,0,-0.3926,0.9197,0,0,0,0,1,0,17.5285,20.6101,0.0044,1]},
{"frame":3,"values":[0.885,0.4656,0,0,-0.4656,0.885,0,0,0,0,1,0,17.5285,20.6101,0.0044,1]},
{"frame":4,"values":[0.8868,0.4622,0,0,-0.4622,0.8868,0,0,0,0,1,0,17.5285,20.6101,0.0044,1]},
{"frame":5,"values":[0.9063,0.4226,0,0,-0.4226,0.9063,0,0,0,0,1,0,17.5285,20.6101,0.0044,1]},
{"frame":6,"values":[0.9283,0.3719,0,0,-0.3719,0.9283,0,0,0,0,1,0,17.5285,20.6101,0.0044,1]},
{"frame":7,"values":[0.9506,0.3105,0,0,-0.3105,0.9506,0,0,0,0,1,0,17.5285,20.6101,0.0044,1]},
{"frame":8,"values":[0.9708,0.2401,0,0,-0.2401,0.9708,0,0,0,0,1,0,17.5285,20.6101,0.0044,1]},
{"frame":9,"values":[0.9867,0.1628,0,0,-0.1628,0.9867,0,0,0,0,1,0,17.5285,20.6101,0.0044,1]},
{"frame":10,"values":[0.9967,0.0812,0,0,-0.0812,0.9967,0,0,0,0,1,0,17.5285,20.6101,0.0044,1]},
{"frame":11,"values":[1,-0.0021,0,0,0.0021,1,0,0,0,0,1,0,17.5285,20.6101,0.0044,1]},
{"frame":12,"values":[0.9965,-0.0841,0,0,0.0841,0.9965,0,0,0,0,1,0,17.5285,20.6101,0.0044,1]},
{"frame":13,"values":[0.9867,-0.1623,0,0,0.1623,0.9867,0,0,0,0,1,0,17.5285,20.6101,0.0044,1]},
{"frame":14,"values":[0.9723,-0.2338,0,0,0.2338,0.9723,0,0,0,0,1,0,17.5285,20.6101,0.0044,1]},
{"frame":15,"values":[0.955,-0.2965,0,0,0.2965,0.955,0,0,0,0,1,0,17.5285,20.6101,0.0044,1]},
{"frame":16,"values":[0.9373,-0.3484,0,0,0.3484,0.9373,0,0,0,0,1,0,17.5285,20.6101,0.0044,1]},
{"frame":17,"values":[0.9217,-0.3878,0,0,0.3878,0.9217,0,0,0,0,1,0,17.5285,20.6101,0.0044,1]},
{"frame":18,"values":[0.9107,-0.413,0,0,0.413,0.9107,0,0,0,0,1,0,17.5285,20.6101,0.0044,1]},
{"frame":19,"values":[0.9063,-0.4226,0,0,0.4226,0.9063,0,0,0,0,1,0,17.5285,20.6101,0.0044,1]},
{"frame":20,"values":[0.9127,-0.4086,0,0,0.4086,0.9127,0,0,0,0,1,0,17.5285,20.6101,0.0044,1]},
{"frame":21,"values":[0.9302,-0.3671,0,0,0.3671,0.9302,0,0,0,0,1,0,17.5285,20.6101,0.0044,1]},
{"frame":22,"values":[0.9532,-0.3024,0,0,0.3024,0.9532,0,0,0,0,1,0,17.5285,20.6101,0.0044,1]},
{"frame":23,"values":[0.9757,-0.2191,0,0,0.2191,0.9757,0,0,0,0,1,0,17.5285,20.6101,0.0044,1]},
{"frame":24,"values":[0.9925,-0.1223,0,0,0.1223,0.9925,0,0,0,0,1,0,17.5285,20.6101,0.0044,1]},
{"frame":25,"values":[0.9998,-0.0183,0,0,0.0183,0.9998,0,0,0,0,1,0,17.5285,20.6101,0.0044,1]},
{"frame":26,"values":[0.9963,0.0859,0,0,-0.0859,0.9963,0,0,0,0,1,0,17.5285,20.6101,0.0044,1]},
{"frame":27,"values":[0.983,0.1836,0,0,-0.1836,0.983,0,0,0,0,1,0,17.5285,20.6101,0.0044,1]},
{"frame":28,"values":[0.9634,0.2682,0,0,-0.2682,0.9634,0,0,0,0,1,0,17.5285,20.6101,0.0044,1]},
{"frame":29,"values":[0.9425,0.3343,0,0,-0.3343,0.9425,0,0,0,0,1,0,17.5285,20.6101,0.0044,1]},
{"frame":30,"values":[0.9261,0.3773,0,0,-0.3773,0.9261,0,0,0,0,1,0,17.5285,20.6101,0.0044,1]},
{"frame":31,"values":[0.9197,0.3926,0,0,-0.3926,0.9197,0,0,0,0,1,0,17.5285,20.6101,0.0044,1]},
{"frame":42,"values":[0.9197,0.3926,0,0,-0.3926,0.9197,0,0,0,0,1,0,17.5285,20.6101,0.0044,1]},
{"frame":43,"values":[0.885,0.4656,0,0,-0.4656,0.885,0,0,0,0,1,0,17.5285,20.6101,0.0044,1]},
{"frame":44,"values":[0.8868,0.4622,0,0,-0.4622,0.8868,0,0,0,0,1,0,17.5285,20.6101,0.0044,1]},
{"frame":45,"values":[0.9063,0.4226,0,0,-0.4226,0.9063,0,0,0,0,1,0,17.5285,20.6101,0.0044,1]},
{"frame":46,"values":[0.9283,0.3719,0,0,-0.3719,0.9283,0,0,0,0,1,0,17.5285,20.6101,0.0044,1]},
{"frame":47,"values":[0.9506,0.3105,0,0,-0.3105,0.9506,0,0,0,0,1,0,17.5285,20.6101,0.0044,1]},
{"frame":48,"values":[0.9708,0.2401,0,0,-0.2401,0.9708,0,0,0,0,1,0,17.5285,20.6101,0.0044,1]},
{"frame":49,"values":[0.9867,0.1628,0,0,-0.1628,0.9867,0,0,0,0,1,0,17.5285,20.6101,0.0044,1]},
{"frame":50,"values":[0.9967,0.0812,0,0,-0.0812,0.9967,0,0,0,0,1,0,17.5285,20.6101,0.0044,1]},
{"frame":51,"values":[1,-0.0021,0,0,0.0021,1,0,0,0,0,1,0,17.5285,20.6101,0.0044,1]},
{"frame":52,"values":[0.9965,-0.0841,0,0,0.0841,0.9965,0,0,0,0,1,0,17.5285,20.6101,0.0044,1]},
{"frame":53,"values":[0.9867,-0.1623,0,0,0.1623,0.9867,0,0,0,0,1,0,17.5285,20.6101,0.0044,1]},
{"frame":54,"values":[0.9723,-0.2338,0,0,0.2338,0.9723,0,0,0,0,1,0,17.5285,20.6101,0.0044,1]},
{"frame":55,"values":[0.955,-0.2965,0,0,0.2965,0.955,0,0,0,0,1,0,17.5285,20.6101,0.0044,1]},
{"frame":56,"values":[0.9373,-0.3484,0,0,0.3484,0.9373,0,0,0,0,1,0,17.5285,20.6101,0.0044,1]},
{"frame":57,"values":[0.9217,-0.3878,0,0,0.3878,0.9217,0,0,0,0,1,0,17.5285,20.6101,0.0044,1]},
{"frame":58,"values":[0.9107,-0.413,0,0,0.413,0.9107,0,0,0,0,1,0,17.5285,20.6101,0.0044,1]},
{"frame":59,"values":[0.9063,-0.4226,0,0,0.4226,0.9063,0,0,0,0,1,0,17.5285,20.6101,0.0044,1]},
{"frame":60,"values":[0.9127,-0.4086,0,0,0.4086,0.9127,0,0,0,0,1,0,17.5285,20.6101,0.0044,1]},
{"frame":61,"values":[0.9302,-0.3671,0,0,0.3671,0.9302,0,0,0,0,1,0,17.5285,20.6101,0.0044,1]},
{"frame":62,"values":[0.9532,-0.3024,0,0,0.3024,0.9532,0,0,0,0,1,0,17.5285,20.6101,0.0044,1]},
{"frame":63,"values":[0.9757,-0.2191,0,0,0.2191,0.9757,0,0,0,0,1,0,17.5285,20.6101,0.0044,1]},
{"frame":64,"values":[0.9925,-0.1223,0,0,0.1223,0.9925,0,0,0,0,1,0,17.5285,20.6101,0.0044,1]},
{"frame":65,"values":[0.9998,-0.0183,0,0,0.0183,0.9998,0,0,0,0,1,0,17.5285,20.6101,0.0044,1]},
{"frame":66,"values":[0.9963,0.0859,0,0,-0.0859,0.9963,0,0,0,0,1,0,17.5285,20.6101,0.0044,1]},
{"frame":67,"values":[0.983,0.1836,0,0,-0.1836,0.983,0,0,0,0,1,0,17.5285,20.6101,0.0044,1]},
{"frame":68,"values":[0.9634,0.2682,0,0,-0.2682,0.9634,0,0,0,0,1,0,17.5285,20.6101,0.0044,1]},
{"frame":69,"values":[0.9425,0.3343,0,0,-0.3343,0.9425,0,0,0,0,1,0,17.5285,20.6101,0.0044,1]},
{"frame":70,"values":[0.9261,0.3773,0,0,-0.3773,0.9261,0,0,0,0,1,0,17.5285,20.6101,0.0044,1]},
{"frame":71,"values":[0.9197,0.3926,0,0,-0.3926,0.9197,0,0,0,0,1,0,17.5285,20.6101,0.0044,1]},
{"frame":114,"values":[0.9197,0.3926,0,0,-0.3926,0.9197,0,0,0,0,1,0,17.5285,20.6101,0.0044,1]}],"loopBehavior":1,"name":"anim","property":"_matrix"}},
{"name":"xuong2:may_phai","index":6,"matrix":[-0.9087,-0.4175,0,0,0.4175,-0.9087,0,0,0,0,1,0,17.5285,20.6101,-0.0044,1],"rest":[-1,0,0,0,0,-1,0,0,0,0,1,0,17.5285,20.6101,-0.0044,1],"parentBoneIndex":1,"length":18.3759
,"animation":{"dataType":3,"framePerSecond":30,"keys":[
{"frame":1,"values":[-0.9087,-0.4175,0,0,0.4175,-0.9087,0,0,0,0,1,0,17.5285,20.6101,-0.0044,1]},
{"frame":3,"values":[-0.891,-0.454,0,0,0.454,-0.891,0,0,0,0,1,0,17.5285,20.6101,-0.0044,1]},
{"frame":4,"values":[-0.8971,-0.4418,0,0,0.4418,-0.8971,0,0,0,0,1,0,17.5285,20.6101,-0.0044,1]},
{"frame":5,"values":[-0.9133,-0.4072,0,0,0.4072,-0.9133,0,0,0,0,1,0,17.5285,20.6101,-0.0044,1]},
{"frame":6,"values":[-0.9357,-0.3529,0,0,0.3529,-0.9357,0,0,0,0,1,0,17.5285,20.6101,-0.0044,1]},
{"frame":7,"values":[-0.9595,-0.2817,0,0,0.2817,-0.9595,0,0,0,0,1,0,17.5285,20.6101,-0.0044,1]},
{"frame":8,"values":[-0.9804,-0.1968,0,0,0.1968,-0.9804,0,0,0,0,1,0,17.5285,20.6101,-0.0044,1]},
{"frame":9,"values":[-0.9948,-0.1022,0,0,0.1022,-0.9948,0,0,0,0,1,0,17.5285,20.6101,-0.0044,1]},
{"frame":10,"values":[-1,-0.0025,0,0,0.0025,-1,0,0,0,0,1,0,17.5285,20.6101,-0.0044,1]},
{"frame":11,"values":[-0.9953,0.0973,0,0,-0.0973,-0.9953,0,0,0,0,1,0,17.5285,20.6101,-0.0044,1]},
{"frame":12,"values":[-0.9813,0.1923,0,0,-0.1923,-0.9813,0,0,0,0,1,0,17.5285,20.6101,-0.0044,1]},
{"frame":13,"values":[-0.9607,0.2777,0,0,-0.2777,-0.9607,0,0,0,0,1,0,17.5285,20.6101,-0.0044,1]},
{"frame":14,"values":[-0.9369,0.3497,0,0,-0.3497,-0.9369,0,0,0,0,1,0,17.5285,20.6101,-0.0044,1]},
{"frame":15,"values":[-0.9143,0.4049,0,0,-0.4049,-0.9143,0,0,0,0,1,0,17.5285,20.6101,-0.0044,1]},
{"frame":16,"values":[-0.8977,0.4406,0,0,-0.4406,-0.8977,0,0,0,0,1,0,17.5285,20.6101,-0.0044,1]},
{"frame":17,"values":[-0.891,0.454,0,0,-0.454,-0.891,0,0,0,0,1,0,17.5285,20.6101,-0.0044,1]},
{"frame":18,"values":[-0.8963,0.4434,0,0,-0.4434,-0.8963,0,0,0,0,1,0,17.5285,20.6101,-0.0044,1]},
{"frame":19,"values":[-0.9117,0.4109,0,0,-0.4109,-0.9117,0,0,0,0,1,0,17.5285,20.6101,-0.0044,1]},
{"frame":20,"values":[-0.9333,0.3592,0,0,-0.3592,-0.9333,0,0,0,0,1,0,17.5285,20.6101,-0.0044,1]},
{"frame":21,"values":[-0.9567,0.2911,0,0,-0.2911,-0.9567,0,0,0,0,1,0,17.5285,20.6101,-0.0044,1]},
{"frame":22,"values":[-0.9778,0.2097,0,0,-0.2097,-0.9778,0,0,0,0,1,0,17.5285,20.6101,-0.0044,1]},
{"frame":23,"values":[-0.9929,0.1188,0,0,-0.1188,-0.9929,0,0,0,0,1,0,17.5285,20.6101,-0.0044,1]},
{"frame":24,"values":[-0.9997,0.0228,0,0,-0.0228,-0.9997,0,0,0,0,1,0,17.5285,20.6101,-0.0044,1]},
{"frame":25,"values":[-0.9973,-0.0735,0,0,0.0735,-0.9973,0,0,0,0,1,0,17.5285,20.6101,-0.0044,1]},
{"frame":26,"values":[-0.9862,-0.1654,0,0,0.1654,-0.9862,0,0,0,0,1,0,17.5285,20.6101,-0.0044,1]},
{"frame":27,"values":[-0.9687,-0.2481,0,0,0.2481,-0.9687,0,0,0,0,1,0,17.5285,20.6101,-0.0044,1]},
{"frame":28,"values":[-0.9481,-0.3179,0,0,0.3179,-0.9481,0,0,0,0,1,0,17.5285,20.6101,-0.0044,1]},
{"frame":29,"values":[-0.9285,-0.3713,0,0,0.3713,-0.9285,0,0,0,0,1,0,17.5285,20.6101,-0.0044,1]},
{"frame":30,"values":[-0.9141,-0.4055,0,0,0.4055,-0.9141,0,0,0,0,1,0,17.5285,20.6101,-0.0044,1]},
{"frame":31,"values":[-0.9087,-0.4175,0,0,0.4175,-0.9087,0,0,0,0,1,0,17.5285,20.6101,-0.0044,1]},
{"frame":42,"values":[-0.9087,-0.4175,0,0,0.4175,-0.9087,0,0,0,0,1,0,17.5285,20.6101,-0.0044,1]},
{"frame":43,"values":[-0.891,-0.454,0,0,0.454,-0.891,0,0,0,0,1,0,17.5285,20.6101,-0.0044,1]},
{"frame":44,"values":[-0.8971,-0.4418,0,0,0.4418,-0.8971,0,0,0,0,1,0,17.5285,20.6101,-0.0044,1]},
{"frame":45,"values":[-0.9133,-0.4072,0,0,0.4072,-0.9133,0,0,0,0,1,0,17.5285,20.6101,-0.0044,1]},
{"frame":46,"values":[-0.9357,-0.3529,0,0,0.3529,-0.9357,0,0,0,0,1,0,17.5285,20.6101,-0.0044,1]},
{"frame":47,"values":[-0.9595,-0.2817,0,0,0.2817,-0.9595,0,0,0,0,1,0,17.5285,20.6101,-0.0044,1]},
{"frame":48,"values":[-0.9804,-0.1968,0,0,0.1968,-0.9804,0,0,0,0,1,0,17.5285,20.6101,-0.0044,1]},
{"frame":49,"values":[-0.9948,-0.1022,0,0,0.1022,-0.9948,0,0,0,0,1,0,17.5285,20.6101,-0.0044,1]},
{"frame":50,"values":[-1,-0.0025,0,0,0.0025,-1,0,0,0,0,1,0,17.5285,20.6101,-0.0044,1]},
{"frame":51,"values":[-0.9953,0.0973,0,0,-0.0973,-0.9953,0,0,0,0,1,0,17.5285,20.6101,-0.0044,1]},
{"frame":52,"values":[-0.9813,0.1923,0,0,-0.1923,-0.9813,0,0,0,0,1,0,17.5285,20.6101,-0.0044,1]},
{"frame":53,"values":[-0.9607,0.2777,0,0,-0.2777,-0.9607,0,0,0,0,1,0,17.5285,20.6101,-0.0044,1]},
{"frame":54,"values":[-0.9369,0.3497,0,0,-0.3497,-0.9369,0,0,0,0,1,0,17.5285,20.6101,-0.0044,1]},
{"frame":55,"values":[-0.9143,0.4049,0,0,-0.4049,-0.9143,0,0,0,0,1,0,17.5285,20.6101,-0.0044,1]},
{"frame":56,"values":[-0.8977,0.4406,0,0,-0.4406,-0.8977,0,0,0,0,1,0,17.5285,20.6101,-0.0044,1]},
{"frame":57,"values":[-0.891,0.454,0,0,-0.454,-0.891,0,0,0,0,1,0,17.5285,20.6101,-0.0044,1]},
{"frame":58,"values":[-0.8963,0.4434,0,0,-0.4434,-0.8963,0,0,0,0,1,0,17.5285,20.6101,-0.0044,1]},
{"frame":59,"values":[-0.9117,0.4109,0,0,-0.4109,-0.9117,0,0,0,0,1,0,17.5285,20.6101,-0.0044,1]},
{"frame":60,"values":[-0.9333,0.3592,0,0,-0.3592,-0.9333,0,0,0,0,1,0,17.5285,20.6101,-0.0044,1]},
{"frame":61,"values":[-0.9567,0.2911,0,0,-0.2911,-0.9567,0,0,0,0,1,0,17.5285,20.6101,-0.0044,1]},
{"frame":62,"values":[-0.9778,0.2097,0,0,-0.2097,-0.9778,0,0,0,0,1,0,17.5285,20.6101,-0.0044,1]},
{"frame":63,"values":[-0.9929,0.1188,0,0,-0.1188,-0.9929,0,0,0,0,1,0,17.5285,20.6101,-0.0044,1]},
{"frame":64,"values":[-0.9997,0.0228,0,0,-0.0228,-0.9997,0,0,0,0,1,0,17.5285,20.6101,-0.0044,1]},
{"frame":65,"values":[-0.9973,-0.0735,0,0,0.0735,-0.9973,0,0,0,0,1,0,17.5285,20.6101,-0.0044,1]},
{"frame":66,"values":[-0.9862,-0.1654,0,0,0.1654,-0.9862,0,0,0,0,1,0,17.5285,20.6101,-0.0044,1]},
{"frame":67,"values":[-0.9687,-0.2481,0,0,0.2481,-0.9687,0,0,0,0,1,0,17.5285,20.6101,-0.0044,1]},
{"frame":68,"values":[-0.9481,-0.3179,0,0,0.3179,-0.9481,0,0,0,0,1,0,17.5285,20.6101,-0.0044,1]},
{"frame":69,"values":[-0.9285,-0.3713,0,0,0.3713,-0.9285,0,0,0,0,1,0,17.5285,20.6101,-0.0044,1]},
{"frame":70,"values":[-0.9141,-0.4055,0,0,0.4055,-0.9141,0,0,0,0,1,0,17.5285,20.6101,-0.0044,1]},
{"frame":71,"values":[-0.9087,-0.4175,0,0,0.4175,-0.9087,0,0,0,0,1,0,17.5285,20.6101,-0.0044,1]},
{"frame":114,"values":[-0.9087,-0.4175,0,0,0.4175,-0.9087,0,0,0,0,1,0,17.5285,20.6101,-0.0044,1]}],"loopBehavior":1,"name":"anim","property":"_matrix"}},
{"name":"xuong2:khoe_mieng_phai","index":7,"matrix":[-1,0,0,0,0,-1,0,0,0,0,1,0,10.1277,-11.2025,5.9015,1],"rest":[-1,0,0,0,0,-1,0,0,0,0,1,0,10.1277,-11.2025,5.9015,1],"parentBoneIndex":1,"length":18.3759
,"animation":{"dataType":3,"framePerSecond":30,"keys":[
{"frame":1,"values":[-1,0,0,0,0,-1,0,0,0,0,1,0,10.1277,-11.2025,5.9015,1]},
{"frame":3,"values":[-1,0,0,0,0,-1,0,0,0,0,1,0,10.1277,-11.2025,5.887,1]},
{"frame":4,"values":[-1,0,0,0,0,-1,0,0,0,0,1,0,10.1277,-11.2025,5.8462,1]},
{"frame":5,"values":[-1,0,0,0,0,-1,0,0,0,0,1,0,10.1277,-11.2025,5.7835,1]},
{"frame":6,"values":[-1,0,0,0,0,-1,0,0,0,0,1,0,10.1277,-11.2025,5.7033,1]},
{"frame":7,"values":[-1,0,0,0,0,-1,0,0,0,0,1,0,10.1277,-11.2025,5.61,1]},
{"frame":8,"values":[-1,0,0,0,0,-1,0,0,0,0,1,0,10.1277,-11.2025,5.508,1]},
{"frame":9,"values":[-1,0,0,0,0,-1,0,0,0,0,1,0,10.1277,-11.2025,5.4015,1]},
{"frame":10,"values":[-1,0,0,0,0,-1,0,0,0,0,1,0,10.1277,-11.2025,5.2951,1]},
{"frame":11,"values":[-1,0,0,0,0,-1,0,0,0,0,1,0,10.1277,-11.2025,5.1931,1]},
{"frame":12,"values":[-1,0,0,0,0,-1,0,0,0,0,1,0,10.1277,-11.2025,5.0998,1]},
{"frame":13,"values":[-1,0,0,0,0,-1,0,0,0,0,1,0,10.1277,-11.2025,5.0196,1]},
{"frame":14,"values":[-1,0,0,0,0,-1,0,0,0,0,1,0,10.1277,-11.2025,4.9569,1]},
{"frame":15,"values":[-1,0,0,0,0,-1,0,0,0,0,1,0,10.1277,-11.2025,4.9161,1]},
{"frame":16,"values":[-1,0,0,0,0,-1,0,0,0,0,1,0,10.1277,-11.2025,4.9016,1]},
{"frame":17,"values":[-1,0,0,0,0,-1,0,0,0,0,1,0,10.1277,-11.2025,4.9143,1]},
{"frame":18,"values":[-1,0,0,0,0,-1,0,0,0,0,1,0,10.1277,-11.2025,4.9501,1]},
{"frame":19,"values":[-1,0,0,0,0,-1,0,0,0,0,1,0,10.1277,-11.2025,5.0055,1]},
{"frame":20,"values":[-1,0,0,0,0,-1,0,0,0,0,1,0,10.1277,-11.2025,5.077,1]},
{"frame":21,"values":[-1,0,0,0,0,-1,0,0,0,0,1,0,10.1277,-11.2025,5.1608,1]},
{"frame":22,"values":[-1,0,0,0,0,-1,0,0,0,0,1,0,10.1277,-11.2025,5.2535,1]},
{"frame":23,"values":[-1,0,0,0,0,-1,0,0,0,0,1,0,10.1277,-11.2025,5.3516,1]},
{"frame":24,"values":[-1,0,0,0,0,-1,0,0,0,0,1,0,10.1277,-11.2025,5.4515,1]},
{"frame":25,"values":[-1,0,0,0,0,-1,0,0,0,0,1,0,10.1277,-11.2025,5.5495,1]},
{"frame":26,"values":[-1,0,0,0,0,-1,0,0,0,0,1,0,10.1277,-11.2025,5.6423,1]},
{"frame":27,"values":[-1,0,0,0,0,-1,0,0,0,0,1,0,10.1277,-11.2025,5.7261,1]},
{"frame":28,"values":[-1,0,0,0,0,-1,0,0,0,0,1,0,10.1277,-11.2025,5.7975,1]},
{"frame":29,"values":[-1,0,0,0,0,-1,0,0,0,0,1,0,10.1277,-11.2025,5.853,1]},
{"frame":30,"values":[-1,0,0,0,0,-1,0,0,0,0,1,0,10.1277,-11.2025,5.8888,1]},
{"frame":31,"values":[-1,0,0,0,0,-1,0,0,0,0,1,0,10.1277,-11.2025,5.9015,1]},
{"frame":42,"values":[-1,0,0,0,0,-1,0,0,0,0,1,0,10.1277,-11.2025,5.9015,1]},
{"frame":43,"values":[-1,0,0,0,0,-1,0,0,0,0,1,0,10.1277,-11.2025,5.887,1]},
{"frame":44,"values":[-1,0,0,0,0,-1,0,0,0,0,1,0,10.1277,-11.2025,5.8462,1]},
{"frame":45,"values":[-1,0,0,0,0,-1,0,0,0,0,1,0,10.1277,-11.2025,5.7835,1]},
{"frame":46,"values":[-1,0,0,0,0,-1,0,0,0,0,1,0,10.1277,-11.2025,5.7033,1]},
{"frame":47,"values":[-1,0,0,0,0,-1,0,0,0,0,1,0,10.1277,-11.2025,5.61,1]},
{"frame":48,"values":[-1,0,0,0,0,-1,0,0,0,0,1,0,10.1277,-11.2025,5.508,1]},
{"frame":49,"values":[-1,0,0,0,0,-1,0,0,0,0,1,0,10.1277,-11.2025,5.4015,1]},
{"frame":50,"values":[-1,0,0,0,0,-1,0,0,0,0,1,0,10.1277,-11.2025,5.2951,1]},
{"frame":51,"values":[-1,0,0,0,0,-1,0,0,0,0,1,0,10.1277,-11.2025,5.1931,1]},
{"frame":52,"values":[-1,0,0,0,0,-1,0,0,0,0,1,0,10.1277,-11.2025,5.0998,1]},
{"frame":53,"values":[-1,0,0,0,0,-1,0,0,0,0,1,0,10.1277,-11.2025,5.0196,1]},
{"frame":54,"values":[-1,0,0,0,0,-1,0,0,0,0,1,0,10.1277,-11.2025,4.9569,1]},
{"frame":55,"values":[-1,0,0,0,0,-1,0,0,0,0,1,0,10.1277,-11.2025,4.9161,1]},
{"frame":56,"values":[-1,0,0,0,0,-1,0,0,0,0,1,0,10.1277,-11.2025,4.9016,1]},
{"frame":57,"values":[-1,0,0,0,0,-1,0,0,0,0,1,0,10.1277,-11.2025,4.9143,1]},
{"frame":58,"values":[-1,0,0,0,0,-1,0,0,0,0,1,0,10.1277,-11.2025,4.9501,1]},
{"frame":59,"values":[-1,0,0,0,0,-1,0,0,0,0,1,0,10.1277,-11.2025,5.0056,1]},
{"frame":60,"values":[-1,0,0,0,0,-1,0,0,0,0,1,0,10.1277,-11.2025,5.077,1]},
{"frame":61,"values":[-1,0,0,0,0,-1,0,0,0,0,1,0,10.1277,-11.2025,5.1608,1]},
{"frame":62,"values":[-1,0,0,0,0,-1,0,0,0,0,1,0,10.1277,-11.2025,5.2535,1]},
{"frame":63,"values":[-1,0,0,0,0,-1,0,0,0,0,1,0,10.1277,-11.2025,5.3516,1]},
{"frame":64,"values":[-1,0,0,0,0,-1,0,0,0,0,1,0,10.1277,-11.2025,5.4515,1]},
{"frame":65,"values":[-1,0,0,0,0,-1,0,0,0,0,1,0,10.1277,-11.2025,5.5495,1]},
{"frame":66,"values":[-1,0,0,0,0,-1,0,0,0,0,1,0,10.1277,-11.2025,5.6423,1]},
{"frame":67,"values":[-1,0,0,0,0,-1,0,0,0,0,1,0,10.1277,-11.2025,5.7261,1]},
{"frame":68,"values":[-1,0,0,0,0,-1,0,0,0,0,1,0,10.1277,-11.2025,5.7975,1]},
{"frame":69,"values":[-1,0,0,0,0,-1,0,0,0,0,1,0,10.1277,-11.2025,5.853,1]},
{"frame":70,"values":[-1,0,0,0,0,-1,0,0,0,0,1,0,10.1277,-11.2025,5.8888,1]},
{"frame":71,"values":[-1,0,0,0,0,-1,0,0,0,0,1,0,10.1277,-11.2025,5.9015,1]},
{"frame":114,"values":[-1,0,0,0,0,-1,0,0,0,0,1,0,10.1277,-11.2025,5.9015,1]}],"loopBehavior":1,"name":"anim","property":"_matrix"}},
{"name":"xuong2:mat_phai","index":8,"matrix":[1,0,0,0,0,1,0,0,0,0,1,0,11.5405,9.1512,4.0366,1],"rest":[0.8988,0,-0.4384,0,0,1,0,0,0.4384,0,0.8988,0,11.5405,9.1512,4.0366,1],"parentBoneIndex":1,"length":18.3759
,"animation":{"dataType":3,"framePerSecond":30,"keys":[
{"frame":1,"values":[1,0,0,0,0,1,0,0,0,0,1,0,11.5405,9.1512,4.0366,1]},
{"frame":31,"values":[1,0,0,0,0,1,0,0,0,0,1,0,11.5405,9.1512,4.0366,1]},
{"frame":42,"values":[1,0,0,0,0,1,0,0,0,0,1,0,11.5405,9.1512,4.0366,1]},
{"frame":114,"values":[1,0,0,0,0,1,0,0,0,0,1,0,11.5405,9.1512,4.0366,1]}],"loopBehavior":1,"name":"anim","property":"_matrix"}},
{"name":"xuong2:mat_trai","index":9,"matrix":[1,0,0,0,0,1,0,0,0,0,1,0,11.5405,9.1512,-4.0366,1],"rest":[1,0,0,0,0,1,0,0,0,0,1,0,11.5405,9.1512,-4.0366,1],"parentBoneIndex":1,"length":18.3759
,"animation":{"dataType":3,"framePerSecond":30,"keys":[
{"frame":1,"values":[1,0,0,0,0,1,0,0,0,0,1,0,11.5405,9.1512,-4.0366,1]},
{"frame":31,"values":[1,0,0,0,0,1,0,0,0,0,1,0,11.5405,9.1512,-4.0366,1]},
{"frame":42,"values":[1,0,0,0,0,1,0,0,0,0,1,0,11.5405,9.1512,-4.0366,1]},
{"frame":114,"values":[1,0,0,0,0,1,0,0,0,0,1,0,11.5405,9.1512,-4.0366,1]}],"loopBehavior":1,"name":"anim","property":"_matrix"}},
