{"producer":{"name":"Blender","version":"2.79 (sub 0)","exporter_version":"5.6.3","file":"Fish13.babylon"},
"autoClear":true,"clearColor":[0.0509,0.0509,0.0509],"ambientColor":[0,0,0],"gravity":[0,-9.81,0],
"materials":[{"name":"Fish13.ca_mo_chu_texture_low","id":"Fish13.ca_mo_chu_texture_low","ambient":[1,1,1],"diffuse":[0.8,0.8,0.8],"specular":[0.5,0.5,0.5],"emissive":[0,0,0],"specularPower":49,"alpha":1,"backFaceCulling":true,"checkReadyOnlyOnce":false,"maxSimultaneousLights":4, 
"diffuseTexture":{"name":"","level":1,"hasAlpha":1,"coordinatesMode":0,"uOffset":0,"vOffset":0,"uScale":1,"vScale":1,"uAng":0,"vAng":0,"wAng":0,"wrapU":1,"wrapV":1,"coordinatesIndex":0}}],
"multiMaterials":[],
"skeletons":[{"name":"ca_mo_chu","id":0,"dimensionsAtRest":[451.9098,436.7216,108.5965],"bones":[
{"name":"xuong:Bip01","index":0,"matrix":[-1,0,0,0,0,-1,0,0,0,0,-1,0,62.7733,-33.2717,-19.7136,1],"rest":[-1,0,0,0,0,-1,0,0,0,0,-1,0,62.7733,-33.2717,-19.7136,1],"parentBoneIndex":-1,"length":2.7232
,"animation":{"dataType":3,"framePerSecond":30,"keys":[
{"frame":1,"values":[-1,0,0,0,0,-1,0,0,0,0,-1,0,62.7733,-33.2717,-19.7136,1]},
{"frame":2,"values":[-0.9998,-0.0045,-0.0192,0,0.0046,-1,-0.0043,0,0.0191,0.0044,-0.9998,0,62.7733,-31.8688,-16.4,1]},
{"frame":3,"values":[-0.9992,-0.009,-0.0383,0,0.0093,-0.9999,-0.0085,0,0.0383,0.0088,-0.9992,0,62.7733,-30.4659,-13.0865,1]},
{"frame":4,"values":[-0.9983,-0.0134,-0.0575,0,0.0141,-0.9998,-0.0126,0,0.0573,0.0133,-0.9983,0,62.7733,-29.0629,-9.7729,1]},
{"frame":5,"values":[-0.9969,-0.0177,-0.0767,0,0.019,-0.9997,-0.0166,0,0.0764,0.018,-0.9969,0,62.7733,-27.66,-6.4594,1]},
{"frame":6,"values":[-0.9983,-0.0136,-0.0575,0,0.0143,-0.9998,-0.0126,0,0.0573,0.0134,-0.9983,0,62.7732,-26.272,-2.8229,1]},
{"frame":7,"values":[-0.9992,-0.0094,-0.0383,0,0.0097,-0.9999,-0.0085,0,0.0383,0.0088,-0.9992,0,62.7732,-24.8841,0.8137,1]},
{"frame":8,"values":[-0.9998,-0.0052,-0.0192,0,0.0052,-1,-0.0043,0,0.0191,0.0044,-0.9998,0,62.7732,-23.4961,4.4502,1]},
{"frame":9,"values":[-1,-0.0008,0,0,0.0008,-1,0,0,0,0,-1,0,62.7732,-22.1082,8.0867,1]},
{"frame":10,"values":[-0.9998,0.0028,0.0198,0,-0.0027,-1,0.007,0,-0.0198,-0.007,-0.9998,0,62.7732,-23.5036,4.6117,1]},
{"frame":11,"values":[-0.9992,0.0066,0.0395,0,-0.0061,-0.9999,0.0141,0,-0.0396,-0.0139,-0.9991,0,62.7732,-24.8991,1.1366,1]},
{"frame":12,"values":[-0.9982,0.0105,0.0592,0,-0.0093,-0.9997,0.0213,0,-0.0594,-0.0207,-0.998,0,62.7733,-26.2945,-2.3384,1]},
{"frame":13,"values":[-0.9968,0.0146,0.0788,0,-0.0124,-0.9995,0.0285,0,-0.0792,-0.0275,-0.9965,0,62.7733,-27.6899,-5.8134,1]},
{"frame":14,"values":[-0.9982,0.0107,0.0592,0,-0.0095,-0.9997,0.0213,0,-0.0594,-0.0207,-0.998,0,62.7733,-29.0854,-9.2885,1]},
{"frame":15,"values":[-0.9992,0.007,0.0395,0,-0.0065,-0.9999,0.0141,0,-0.0396,-0.0139,-0.9991,0,62.7733,-30.4808,-12.7635,1]},
{"frame":16,"values":[-0.9998,0.0034,0.0198,0,-0.0033,-1,0.007,0,-0.0198,-0.007,-0.9998,0,62.7733,-31.8763,-16.2385,1]},
{"frame":1,"values":[-1,0,0,0,0,-1,0,0,0,0,-1,0,62.7733,-33.2717,0,1]},
{"frame":2,"values":[-1,0.0005,0.003,0,-0.0005,-1,0.0011,0,-0.003,-0.0011,-1,0,62.7733,-33.2717,-0.6571,1]},
{"frame":3,"values":[-1,0.001,0.0061,0,-0.001,-1,0.0022,0,-0.0061,-0.0022,-1,0,62.7733,-33.2717,-1.3142,1]},
{"frame":4,"values":[-1,0.0016,0.0091,0,-0.0015,-1,0.0032,0,-0.0091,-0.0032,-1,0,62.7733,-33.2717,-1.9714,1]},
{"frame":5,"values":[-0.9999,0.0021,0.0122,0,-0.0021,-1,0.0043,0,-0.0122,-0.0043,-0.9999,0,62.7733,-33.2717,-2.6285,1]},
{"frame":6,"values":[-0.9999,0.0026,0.0152,0,-0.0026,-1,0.0054,0,-0.0152,-0.0054,-0.9999,0,62.7733,-33.2717,-3.2856,1]},
{"frame":7,"values":[-0.9998,0.0032,0.0182,0,-0.0031,-1,0.0065,0,-0.0183,-0.0064,-0.9998,0,62.7733,-33.2717,-3.9427,1]},
{"frame":8,"values":[-0.9998,0.0037,0.0213,0,-0.0036,-1,0.0076,0,-0.0213,-0.0075,-0.9997,0,62.7733,-33.2717,-4.5998,1]},
{"frame":9,"values":[-0.9997,0.0043,0.0243,0,-0.0041,-1,0.0087,0,-0.0243,-0.0086,-0.9997,0,62.7733,-33.2717,-5.257,1]},
{"frame":10,"values":[-0.9996,0.0048,0.0273,0,-0.0045,-0.9999,0.0098,0,-0.0274,-0.0096,-0.9996,0,62.7733,-33.2717,-5.9141,1]},
{"frame":11,"values":[-0.9995,0.0054,0.0304,0,-0.005,-0.9999,0.0109,0,-0.0304,-0.0107,-0.9995,0,62.7733,-33.2717,-6.5712,1]},
{"frame":12,"values":[-0.9994,0.0059,0.0334,0,-0.0055,-0.9999,0.012,0,-0.0335,-0.0118,-0.9994,0,62.7733,-33.2717,-7.2283,1]},
{"frame":13,"values":[-0.9993,0.0065,0.0364,0,-0.006,-0.9999,0.013,0,-0.0365,-0.0128,-0.9993,0,62.7733,-33.2717,-7.8854,1]},
{"frame":14,"values":[-0.9992,0.007,0.0395,0,-0.0065,-0.9999,0.0141,0,-0.0396,-0.0139,-0.9991,0,62.7733,-33.2717,-8.5425,1]},
{"frame":15,"values":[-0.9991,0.0076,0.0425,0,-0.0069,-0.9999,0.0152,0,-0.0426,-0.0149,-0.999,0,62.7733,-33.2717,-9.1997,1]},
{"frame":16,"values":[-0.9989,0.0082,0.0455,0,-0.0074,-0.9998,0.0163,0,-0.0457,-0.016,-0.9988,0,62.7733,-33.2717,-9.8568,1]},
{"frame":17,"values":[-0.9988,0.0087,0.0486,0,-0.0079,-0.9998,0.0174,0,-0.0487,-0.017,-0.9987,0,62.7733,-33.2717,-10.5139,1]},
{"frame":18,"values":[-0.9986,0.0093,0.0516,0,-0.0084,-0.9998,0.0185,0,-0.0518,-0.0181,-0.9985,0,62.7733,-33.2717,-11.171,1]},
{"frame":19,"values":[-0.9985,0.0099,0.0546,0,-0.0088,-0.9998,0.0197,0,-0.0548,-0.0191,-0.9983,0,62.7733,-33.2717,-11.8281,1]},
{"frame":20,"values":[-0.9983,0.0105,0.0576,0,-0.0093,-0.9997,0.0208,0,-0.0579,-0.0202,-0.9981,0,62.7733,-33.2717,-12.4853,1]},
{"frame":21,"values":[-0.9981,0.011,0.0607,0,-0.0097,-0.9997,0.0219,0,-0.0609,-0.0212,-0.9979,0,62.7733,-33.2717,-13.1424,1]},
{"frame":22,"values":[-0.9979,0.0116,0.0637,0,-0.0102,-0.9997,0.023,0,-0.0639,-0.0223,-0.9977,0,62.7733,-33.2717,-13.7995,1]},
{"frame":23,"values":[-0.9977,0.0122,0.0667,0,-0.0106,-0.9997,0.0241,0,-0.067,-0.0233,-0.9975,0,62.7733,-33.2717,-14.4566,1]},
{"frame":24,"values":[-0.9975,0.0128,0.0697,0,-0.0111,-0.9996,0.0252,0,-0.07,-0.0244,-0.9972,0,62.7733,-33.2717,-15.1137,1]},
{"frame":25,"values":[-0.9973,0.0134,0.0728,0,-0.0115,-0.9996,0.0263,0,-0.0731,-0.0254,-0.997,0,62.7733,-33.2717,-15.7709,1]},
{"frame":26,"values":[-0.997,0.014,0.0758,0,-0.0119,-0.9996,0.0274,0,-0.0761,-0.0264,-0.9967,0,62.7733,-33.2717,-16.428,1]},
{"frame":27,"values":[-0.9968,0.0146,0.0788,0,-0.0124,-0.9995,0.0285,0,-0.0792,-0.0275,-0.9965,0,62.7733,-33.2717,-17.0851,1]},
{"frame":28,"values":[-0.9982,0.0107,0.0592,0,-0.0095,-0.9997,0.0213,0,-0.0594,-0.0207,-0.998,0,62.7733,-33.2717,-17.7422,1]},
{"frame":29,"values":[-0.9992,0.007,0.0395,0,-0.0065,-0.9999,0.0141,0,-0.0396,-0.0139,-0.9991,0,62.7733,-33.2717,-18.3993,1]},
{"frame":30,"values":[-0.9998,0.0034,0.0198,0,-0.0033,-1,0.007,0,-0.0198,-0.007,-0.9998,0,62.7733,-33.2717,-19.0565,1]},
{"frame":31,"values":[-1,0,0,0,0,-1,0,0,0,0,-1,0,62.7733,-33.2717,-19.7136,1]},
{"frame":32,"values":[-0.9998,-0.0045,-0.0192,0,0.0046,-1,-0.0043,0,0.0191,0.0044,-0.9998,0,62.7733,-31.8688,-16.4,1]},
{"frame":33,"values":[-0.9992,-0.009,-0.0383,0,0.0093,-0.9999,-0.0085,0,0.0383,0.0088,-0.9992,0,62.7733,-30.4659,-13.0865,1]},
{"frame":34,"values":[-0.9983,-0.0134,-0.0575,0,0.0141,-0.9998,-0.0126,0,0.0573,0.0133,-0.9983,0,62.7733,-29.0629,-9.7729,1]},
{"frame":35,"values":[-0.9969,-0.0177,-0.0767,0,0.019,-0.9997,-0.0166,0,0.0764,0.018,-0.9969,0,62.7733,-27.66,-6.4594,1]},
{"frame":36,"values":[-0.9983,-0.0136,-0.0575,0,0.0143,-0.9998,-0.0126,0,0.0573,0.0134,-0.9983,0,62.7733,-26.272,-2.8229,1]},
{"frame":37,"values":[-0.9992,-0.0094,-0.0383,0,0.0097,-0.9999,-0.0085,0,0.0383,0.0088,-0.9992,0,62.7733,-24.8841,0.8137,1]},
{"frame":38,"values":[-0.9998,-0.0052,-0.0192,0,0.0052,-1,-0.0043,0,0.0191,0.0044,-0.9998,0,62.7733,-23.4961,4.4502,1]},
{"frame":39,"values":[-1,-0.0008,0,0,0.0008,-1,0,0,0,0,-1,0,62.7733,-22.1082,8.0867,1]},
{"frame":40,"values":[-0.9998,0.0028,0.0198,0,-0.0027,-1,0.007,0,-0.0198,-0.007,-0.9998,0,62.7733,-23.5036,4.6117,1]},
{"frame":41,"values":[-0.9992,0.0066,0.0395,0,-0.0061,-0.9999,0.0141,0,-0.0396,-0.0139,-0.9991,0,62.7733,-24.8991,1.1366,1]},
{"frame":42,"values":[-0.9982,0.0105,0.0592,0,-0.0093,-0.9997,0.0213,0,-0.0594,-0.0207,-0.998,0,62.7733,-26.2945,-2.3384,1]},
{"frame":43,"values":[-0.9968,0.0146,0.0788,0,-0.0124,-0.9995,0.0285,0,-0.0792,-0.0275,-0.9965,0,62.7733,-27.6899,-5.8134,1]},
{"frame":44,"values":[-0.9982,0.0107,0.0592,0,-0.0095,-0.9997,0.0213,0,-0.0594,-0.0207,-0.998,0,62.7733,-29.0854,-9.2885,1]},
{"frame":45,"values":[-0.9992,0.007,0.0395,0,-0.0065,-0.9999,0.0141,0,-0.0396,-0.0139,-0.9991,0,62.7733,-30.4808,-12.7635,1]},
{"frame":46,"values":[-0.9998,0.0034,0.0198,0,-0.0033,-1,0.007,0,-0.0198,-0.007,-0.9998,0,62.7733,-31.8763,-16.2385,1]},
{"frame":47,"values":[-1,0,0,0,0,-1,0,0,0,0,-1,0,62.7733,-33.2717,-19.7136,1]},
{"frame":48,"values":[-0.9998,-0.0045,-0.0192,0,0.0046,-1,-0.0043,0,0.0191,0.0044,-0.9998,0,62.7733,-31.8688,-16.4,1]},
{"frame":49,"values":[-0.9992,-0.009,-0.0383,0,0.0093,-0.9999,-0.0085,0,0.0383,0.0088,-0.9992,0,62.7733,-30.4659,-13.0865,1]},
{"frame":50,"values":[-0.9983,-0.0134,-0.0575,0,0.0141,-0.9998,-0.0126,0,0.0573,0.0133,-0.9983,0,62.7733,-29.0629,-9.7729,1]},
{"frame":51,"values":[-0.9969,-0.0177,-0.0767,0,0.019,-0.9997,-0.0166,0,0.0764,0.018,-0.9969,0,62.7733,-27.66,-6.4594,1]},
{"frame":52,"values":[-0.9975,-0.0159,-0.069,0,0.017,-0.9997,-0.015,0,0.0688,0.0161,-0.9975,0,62.7733,-28.2212,-7.7848,1]},
{"frame":53,"values":[-0.998,-0.0142,-0.0613,0,0.0151,-0.9998,-0.0134,0,0.0611,0.0143,-0.998,0,62.7733,-28.7823,-9.1102,1]},
{"frame":54,"values":[-0.9985,-0.0125,-0.0537,0,0.0132,-0.9998,-0.0117,0,0.0535,0.0124,-0.9985,0,62.7733,-29.3435,-10.4356,1]},
{"frame":55,"values":[-0.9989,-0.0108,-0.046,0,0.0112,-0.9999,-0.0101,0,0.0459,0.0106,-0.9989,0,62.7733,-29.9047,-11.7611,1]},
{"frame":56,"values":[-0.9992,-0.009,-0.0383,0,0.0093,-0.9999,-0.0085,0,0.0383,0.0088,-0.9992,0,62.7733,-30.4659,-13.0865,1]},
{"frame":57,"values":[-0.9995,-0.0072,-0.0307,0,0.0074,-0.9999,-0.0068,0,0.0306,0.007,-0.9995,0,62.7733,-31.027,-14.4119,1]},
{"frame":58,"values":[-0.9997,-0.0054,-0.023,0,0.0056,-1,-0.0051,0,0.023,0.0052,-0.9997,0,62.7733,-31.5882,-15.7373,1]},
{"frame":59,"values":[-0.9999,-0.0036,-0.0153,0,0.0037,-1,-0.0034,0,0.0153,0.0035,-0.9999,0,62.7733,-32.1494,-17.0627,1]},
{"frame":60,"values":[-1,-0.0018,-0.0077,0,0.0018,-1,-0.0017,0,0.0077,0.0017,-1,0,62.7733,-32.7105,-18.3882,1]},
{"frame":61,"values":[-1,0,0,0,0,-1,0,0,0,0,-1,0,62.7733,-33.2717,-19.7136,1]},
{"frame":62,"values":[-0.9994,-0.0334,0,0,0.0334,-0.9994,0,0,0,0,-1,0,62.7733,3.634,-17.3625,1]},
{"frame":63,"values":[-0.9978,-0.0668,0,0,0.0668,-0.9978,0,0,0,0,-1,0,62.7733,40.5397,-15.0114,1]},
{"frame":64,"values":[-0.9963,-0.0865,0,0,0.0865,-0.9963,0,0,0,0,-1,0,62.7733,43.8587,-12.2987,1]},
{"frame":65,"values":[-0.9943,-0.1062,0,0,0.1062,-0.9943,0,0,0,0,-1,0,62.7733,47.1777,-9.586,1]},
{"frame":66,"values":[-0.9956,-0.093,0.0098,0,0.093,-0.9957,-0.0008,0,-0.0098,-0.0001,-1,0,62.7733,33.7827,-10.4854,1]},
{"frame":67,"values":[-0.9966,-0.0797,0.0196,0,0.0797,-0.9968,-0.0016,0,-0.0197,0,-0.9998,0,62.7733,20.3878,-11.3848,1]},
{"frame":68,"values":[-0.9974,-0.0665,0.0294,0,0.0664,-0.9978,-0.0019,0,-0.0295,-0.0001,-0.9996,0,62.7733,6.9929,-12.8841,1]},
{"frame":69,"values":[-0.9978,-0.0532,0.0393,0,0.0531,-0.9986,-0.0021,0,-0.0393,0,-0.9992,0,62.7733,-6.4021,-14.3833,1]},
{"frame":70,"values":[-0.9983,-0.0465,0.0344,0,0.0465,-0.9989,-0.0016,0,-0.0344,0,-0.9994,0,62.7733,-9.7608,-15.8826,1]},
{"frame":71,"values":[-0.9988,-0.0399,0.0295,0,0.0399,-0.9992,-0.0012,0,-0.0295,0,-0.9996,0,62.7733,-13.1195,-17.3818,1]},
{"frame":72,"values":[-0.9991,-0.0333,0.0246,0,0.0332,-0.9994,-0.0009,0,-0.0246,0.0001,-0.9997,0,62.7733,-16.4782,-17.7705,1]},
{"frame":73,"values":[-0.9995,-0.0266,0.0197,0,0.0266,-0.9996,-0.0007,0,-0.0197,0.0001,-0.9998,0,62.7733,-19.8369,-18.1591,1]},
{"frame":74,"values":[-0.9997,-0.02,0.0147,0,0.02,-0.9998,-0.0004,0,-0.0147,0.0001,-0.9999,0,62.7733,-23.1956,-18.5477,1]},
{"frame":75,"values":[-0.9999,-0.0133,0.0098,0,0.0133,-0.9999,-0.0003,0,-0.0098,0.0001,-1,0,62.7733,-26.5543,-18.9363,1]},
{"frame":76,"values":[-1,-0.0067,0.0049,0,0.0067,-1,-0.0001,0,-0.0049,0.0001,-1,0,62.7733,-29.913,-19.325,1]},
{"frame":77,"values":[-1,0,0,0,0,-1,0,0,0,0,-1,0,62.7733,-33.2717,-19.7136,1]},
{"frame":82,"values":[-0.9998,-0.011,0.0184,0,0.0063,-0.9709,-0.2395,0,-0.0205,0.2393,-0.9707,0,62.7734,131.3538,-36.4757,1]},
{"frame":83,"values":[-0.9991,-0.0263,0.0338,0,0.0074,-0.8835,-0.4684,0,-0.0421,0.4677,-0.8829,0,62.7735,295.9792,-53.2378,1]},
{"frame":84,"values":[-0.998,-0.0446,0.0448,0,0.0034,-0.7456,-0.6664,0,-0.0631,0.6649,-0.7442,0,62.7736,460.6047,-69.9999,1]},
{"frame":85,"values":[-0.9965,-0.063,0.0541,0,0.0066,-0.7095,-0.7047,0,-0.0828,0.7019,-0.7075,0,62.7736,476.1562,-69.9999,1]},
{"frame":86,"values":[-0.9947,-0.082,0.0624,0,0.0089,-0.6712,-0.7412,0,-0.1026,0.7367,-0.6684,0,62.7736,491.7078,-69.9999,1]},
{"frame":87,"values":[-0.9924,-0.1014,0.0696,0,0.01,-0.631,-0.7757,0,-0.1226,0.7692,-0.6272,0,62.7736,507.2593,-69.9999,1]},
{"frame":88,"values":[-0.9897,-0.1212,0.0758,0,0.0102,-0.5888,-0.8082,0,-0.1426,0.7991,-0.584,0,62.7736,522.8108,-69.9999,1]},
{"frame":89,"values":[-0.9867,-0.1412,0.081,0,0.0092,-0.5451,-0.8383,0,-0.1625,0.8264,-0.5391,0,62.7736,538.3623,-69.9999,1]},
{"frame":90,"values":[-0.9832,-0.1614,0.085,0,0.0072,-0.4998,-0.8661,0,-0.1822,0.851,-0.4926,0,62.7736,553.9138,-69.9999,1]},
{"frame":91,"values":[-0.9794,-0.1816,0.0879,0,0.0041,-0.4534,-0.8913,0,-0.2017,0.8726,-0.4448,0,62.7736,569.4654,-69.9999,1]},
{"frame":92,"values":[-0.9753,-0.2018,0.0897,0,0,-0.406,-0.9139,0,-0.2208,0.8913,-0.396,0,62.7736,585.0169,-69.9999,1]},
{"frame":93,"values":[-0.9829,-0.1709,0.0686,0,0.0048,-0.3961,-0.9182,0,-0.1841,0.9022,-0.3901,0,62.7736,514.5528,-69.9999,1]},
{"frame":94,"values":[-0.9891,-0.1395,0.0477,0,0.01,-0.3862,-0.9223,0,-0.1471,0.9118,-0.3834,0,62.7736,444.0887,-69.9999,1]},
{"frame":95,"values":[-0.9938,-0.1077,0.0271,0,0.0155,-0.3765,-0.9263,0,-0.1099,0.9201,-0.3759,0,62.7735,373.6246,-70,1]},
{"frame":96,"values":[-0.9971,-0.0755,0.0067,0,0.0215,-0.367,-0.93,0,-0.0727,0.9272,-0.3675,0,62.7735,303.1606,-70,1]},
{"frame":97,"values":[-0.999,-0.043,-0.0133,0,0.0279,-0.3576,-0.9335,0,-0.0354,0.9329,-0.3584,0,62.7734,232.6964,-70,1]},
{"frame":98,"values":[-0.9994,-0.0104,-0.033,0,0.0346,-0.3484,-0.9367,0,0.0018,0.9373,-0.3485,0,62.7734,162.2324,-70,1]},
{"frame":99,"values":[-0.9997,-0.0076,-0.0225,0,0.0237,-0.3768,-0.926,0,0.0014,0.9263,-0.3769,0,62.7734,162.2324,-70,1]},
{"frame":100,"values":[-0.9999,-0.0045,-0.012,0,0.0128,-0.4049,-0.9143,0,0.0007,0.9143,-0.4049,0,62.7734,162.2324,-70,1]},
{"frame":101,"values":[-1,-0.0011,-0.0016,0,0.0019,-0.4326,-0.9016,0,-0.0004,0.9016,-0.4326,0,62.7734,162.2324,-70,1]},
{"frame":104,"values":[-1,-0.0011,-0.0016,0,0.0019,-0.4326,-0.9016,0,-0.0004,0.9016,-0.4326,0,62.7734,162.2324,-70,1]}],"loopBehavior":1,"name":"anim","property":"_matrix"}},
{"name":"xuong:Bone010","index":1,"matrix":[0.9939,-0.0266,-0.1072,0,0.0268,0.9996,0,0,0.1071,-0.0029,0.9942,0,5.4464,0,0,1],"rest":[0.9939,-0.0266,-0.1072,0,0.0268,0.9996,0,0,0.1071,-0.0029,0.9942,0,5.4464,0,0,1],"parentBoneIndex":0,"length":107.0539
,"animation":{"dataType":3,"framePerSecond":30,"keys":[
{"frame":1,"values":[0.9939,-0.0266,-0.1072,0,0.0268,0.9996,0,0,0.1071,-0.0029,0.9942,0,5.4464,0,0,1]},
{"frame":2,"values":[0.996,-0.0186,-0.0874,0,0.0186,0.9998,0,0,0.0874,-0.0016,0.9962,0,5.4464,0,0,1]},
{"frame":3,"values":[0.9977,-0.0051,-0.0676,0,0.0052,1,0.0004,0,0.0676,-0.0008,0.9977,0,5.4464,0,0,1]},
{"frame":4,"values":[0.9996,0.0089,-0.0259,0,-0.0089,1,0.002,0,0.0259,-0.0018,0.9997,0,5.4464,0,0,1]},
{"frame":5,"values":[0.9996,0.0231,0.0159,0,-0.0231,0.9997,0.0032,0,-0.0158,-0.0036,0.9999,0,5.4464,0,0,1]},
{"frame":6,"values":[0.9985,0.0326,0.0449,0,-0.0328,0.9995,0.0038,0,-0.0447,-0.0053,0.999,0,5.4464,0,0,1]},
{"frame":7,"values":[0.9964,0.0422,0.0738,0,-0.0426,0.9991,0.0035,0,-0.0736,-0.0067,0.9973,0,5.4464,0,0,1]},
{"frame":8,"values":[0.994,0.0376,0.1028,0,-0.0381,0.9993,0.0025,0,-0.1026,-0.0064,0.9947,0,5.4464,0,0,1]},
{"frame":9,"values":[0.9949,0.0332,0.0952,0,-0.0335,0.9994,0.0014,0,-0.0951,-0.0046,0.9955,0,5.4464,0,0,1]},
{"frame":10,"values":[0.996,0.0199,0.0876,0,-0.02,0.9998,0.0007,0,-0.0876,-0.0025,0.9962,0,5.4464,0,0,1]},
{"frame":11,"values":[0.998,0.0066,0.0623,0,-0.0066,1,0.0005,0,-0.0623,-0.0009,0.9981,0,5.4464,0,0,1]},
{"frame":12,"values":[0.9993,-0.0074,0.0369,0,0.0074,1,0.0003,0,-0.0369,-0.0001,0.9993,0,5.4464,0,0,1]},
{"frame":13,"values":[0.9997,-0.0207,0.0111,0,0.0207,0.9998,0.0002,0,-0.0111,0,0.9999,0,5.4464,0,0,1]},
{"frame":14,"values":[0.9995,-0.0266,-0.0147,0,0.0266,0.9996,0.0001,0,0.0147,-0.0004,0.9999,0,5.4464,0,0,1]},
{"frame":15,"values":[0.9985,-0.0325,-0.0445,0,0.0325,0.9995,0,0,0.0445,-0.0015,0.999,0,5.4464,0,0,1]},
{"frame":16,"values":[0.9967,-0.0329,-0.0743,0,0.033,0.9995,0.0001,0,0.0743,-0.0025,0.9972,0,5.4464,0,0,1]},
{"frame":1,"values":[1,0,0,0,0,1,0,0,0,0,1,0,5.4464,0,0,1]},
{"frame":2,"values":[1,0.0003,0.0015,0,-0.0003,1,0,0,-0.0015,0,1,0,5.4464,0,0,1]},
{"frame":3,"values":[1,0.0005,0.003,0,-0.0005,1,0,0,-0.003,0,1,0,5.4464,0,0,1]},
{"frame":4,"values":[1,0.0008,0.0044,0,-0.0008,1,0.0001,0,-0.0044,-0.0001,1,0,5.4464,0,0,1]},
{"frame":5,"values":[1,0.0011,0.0059,0,-0.0011,1,0.0001,0,-0.0059,-0.0001,1,0,5.4464,0,0,1]},
{"frame":6,"values":[1,0.0014,0.0074,0,-0.0014,1,0.0001,0,-0.0074,-0.0001,1,0,5.4464,0,0,1]},
{"frame":7,"values":[1,0.0016,0.0089,0,-0.0016,1,0.0001,0,-0.0089,-0.0002,1,0,5.4463,0,0,1]},
{"frame":8,"values":[0.9999,0.0019,0.0103,0,-0.0019,1,0.0002,0,-0.0103,-0.0002,0.9999,0,5.4464,0,0,1]},
{"frame":9,"values":[0.9999,0.0022,0.0118,0,-0.0022,1,0.0002,0,-0.0118,-0.0002,0.9999,0,5.4464,0,0,1]},
{"frame":10,"values":[0.9999,0.0025,0.0133,0,-0.0025,1,0.0002,0,-0.0133,-0.0002,0.9999,0,5.4464,0,0,1]},
{"frame":11,"values":[0.9999,0.0027,0.0148,0,-0.0027,1,0.0002,0,-0.0148,-0.0003,0.9999,0,5.4464,0,0,1]},
{"frame":12,"values":[0.9999,0.003,0.0162,0,-0.003,1,0.0002,0,-0.0162,-0.0003,0.9999,0,5.4464,0,0,1]},
{"frame":13,"values":[0.9998,0.0033,0.0177,0,-0.0033,1,0.0003,0,-0.0177,-0.0003,0.9998,0,5.4464,0,0,1]},
{"frame":14,"values":[0.9998,0.0036,0.0192,0,-0.0036,1,0.0003,0,-0.0192,-0.0003,0.9998,0,5.4464,0,0,1]},
{"frame":15,"values":[0.9998,0.0038,0.0207,0,-0.0038,1,0.0003,0,-0.0207,-0.0004,0.9998,0,5.4464,0,0,1]},
{"frame":16,"values":[0.9997,0.0041,0.0221,0,-0.0041,1,0.0003,0,-0.0221,-0.0004,0.9998,0,5.4464,0,0,1]},
{"frame":17,"values":[0.9997,0.0044,0.0236,0,-0.0044,1,0.0003,0,-0.0236,-0.0004,0.9997,0,5.4464,0,0,1]},
{"frame":18,"values":[0.9997,0.0047,0.0251,0,-0.0047,1,0.0003,0,-0.0251,-0.0005,0.9997,0,5.4464,0,0,1]},
{"frame":19,"values":[0.9996,0.0049,0.0266,0,-0.0049,1,0.0004,0,-0.0266,-0.0005,0.9996,0,5.4464,0,0,1]},
{"frame":20,"values":[0.9996,0.0052,0.028,0,-0.0052,1,0.0004,0,-0.028,-0.0005,0.9996,0,5.4464,0,0,1]},
{"frame":21,"values":[0.9995,0.0055,0.0295,0,-0.0055,1,0.0004,0,-0.0295,-0.0006,0.9996,0,5.4464,0,0,1]},
{"frame":22,"values":[0.9995,0.0058,0.031,0,-0.0058,1,0.0004,0,-0.031,-0.0006,0.9995,0,5.4464,0,0,1]},
{"frame":23,"values":[0.9995,0.006,0.0325,0,-0.006,1,0.0004,0,-0.0325,-0.0006,0.9995,0,5.4464,0,0,1]},
{"frame":24,"values":[0.9994,0.0063,0.0339,0,-0.0063,1,0.0004,0,-0.0339,-0.0007,0.9994,0,5.4464,0,0,1]},
{"frame":25,"values":[0.9994,0.0066,0.0354,0,-0.0066,1,0.0005,0,-0.0354,-0.0007,0.9994,0,5.4464,0,0,1]},
{"frame":26,"values":[0.9993,-0.0074,0.0369,0,0.0074,1,0.0003,0,-0.0369,-0.0001,0.9993,0,5.4464,0,0,1]},
{"frame":27,"values":[0.9997,-0.0207,0.0111,0,0.0207,0.9998,0.0002,0,-0.0111,0,0.9999,0,5.4464,0,0,1]},
{"frame":28,"values":[0.9996,-0.0241,-0.0147,0,0.0241,0.9997,0.0001,0,0.0147,-0.0004,0.9999,0,5.4464,0,0,1]},
{"frame":29,"values":[0.9987,-0.0264,-0.0445,0,0.0265,0.9996,0,0,0.0445,-0.0012,0.999,0,5.4464,0,0,1]},
{"frame":30,"values":[0.9968,-0.0284,-0.0743,0,0.0285,0.9996,0.0001,0,0.0743,-0.0022,0.9972,0,5.4464,0,0,1]},
{"frame":31,"values":[0.9939,-0.0266,-0.1072,0,0.0268,0.9996,0,0,0.1071,-0.0029,0.9942,0,5.4464,0,0,1]},
{"frame":32,"values":[0.996,-0.0186,-0.0874,0,0.0186,0.9998,0,0,0.0874,-0.0016,0.9962,0,5.4464,0,0,1]},
{"frame":33,"values":[0.9977,-0.0051,-0.0676,0,0.0052,1,0.0004,0,0.0676,-0.0008,0.9977,0,5.4464,0,0,1]},
{"frame":34,"values":[0.9996,0.0089,-0.0259,0,-0.0089,1,0.002,0,0.0259,-0.0018,0.9997,0,5.4464,0,0,1]},
{"frame":35,"values":[0.9996,0.0231,0.0159,0,-0.0231,0.9997,0.0032,0,-0.0158,-0.0036,0.9999,0,5.4464,0,0,1]},
{"frame":36,"values":[0.9985,0.0326,0.0449,0,-0.0328,0.9995,0.0038,0,-0.0447,-0.0053,0.999,0,5.4464,0,0,1]},
{"frame":37,"values":[0.9964,0.0422,0.0738,0,-0.0426,0.9991,0.0035,0,-0.0736,-0.0067,0.9973,0,5.4464,0,0,1]},
{"frame":38,"values":[0.994,0.0376,0.1028,0,-0.0381,0.9993,0.0025,0,-0.1026,-0.0064,0.9947,0,5.4464,0,0,1]},
{"frame":39,"values":[0.9949,0.0332,0.0952,0,-0.0335,0.9994,0.0014,0,-0.0951,-0.0046,0.9955,0,5.4464,0,0,1]},
{"frame":40,"values":[0.996,0.0199,0.0876,0,-0.02,0.9998,0.0007,0,-0.0876,-0.0025,0.9962,0,5.4464,0,0,1]},
{"frame":41,"values":[0.998,0.0066,0.0623,0,-0.0066,1,0.0005,0,-0.0623,-0.0009,0.9981,0,5.4464,0,0,1]},
{"frame":42,"values":[0.9993,-0.0074,0.0369,0,0.0074,1,0.0003,0,-0.0369,-0.0001,0.9993,0,5.4464,0,0,1]},
{"frame":43,"values":[0.9997,-0.0207,0.0111,0,0.0207,0.9998,0.0002,0,-0.0111,0,0.9999,0,5.4464,0,0,1]},
{"frame":44,"values":[0.9995,-0.0266,-0.0147,0,0.0266,0.9996,0.0001,0,0.0147,-0.0004,0.9999,0,5.4464,0,0,1]},
{"frame":45,"values":[0.9985,-0.0325,-0.0445,0,0.0325,0.9995,0,0,0.0445,-0.0015,0.999,0,5.4464,0,0,1]},
{"frame":46,"values":[0.9967,-0.0329,-0.0743,0,0.033,0.9995,0.0001,0,0.0743,-0.0025,0.9972,0,5.4464,0,0,1]},
{"frame":47,"values":[0.9939,-0.0266,-0.1072,0,0.0268,0.9996,0,0,0.1071,-0.0029,0.9942,0,5.4464,0,0,1]},
{"frame":48,"values":[0.9959,-0.0231,-0.0874,0,0.0232,0.9997,0,0,0.0874,-0.002,0.9962,0,5.4464,0,0,1]},
{"frame":49,"values":[0.9976,-0.0172,-0.0676,0,0.0173,0.9999,0.0004,0,0.0675,-0.0016,0.9977,0,5.4464,0,0,1]},
{"frame":50,"values":[0.9997,0.0007,-0.0259,0,-0.0007,1,0.002,0,0.0259,-0.002,0.9997,0,5.4464,0,0,1]},
{"frame":51,"values":[0.9996,0.0231,0.0159,0,-0.0231,0.9997,0.0032,0,-0.0158,-0.0036,0.9999,0,5.4464,0,0,1]},
{"frame":52,"values":[0.9989,0.046,0.0035,0,-0.046,0.9989,0.0038,0,-0.0034,-0.004,1,0,5.4464,0,0,1]},
{"frame":53,"values":[0.9984,0.0559,-0.0088,0,-0.0559,0.9984,0.0036,0,0.009,-0.0031,1,0,5.4464,0,0,1]},
{"frame":54,"values":[0.9987,0.0456,-0.0211,0,-0.0455,0.999,0.0036,0,0.0212,-0.0026,0.9998,0,5.4464,0,0,1]},
{"frame":55,"values":[0.9988,0.0353,-0.0334,0,-0.0352,0.9994,0.0034,0,0.0335,-0.0023,0.9994,0,5.4464,0,0,1]},
{"frame":56,"values":[0.9986,0.025,-0.0458,0,-0.0248,0.9997,0.0032,0,0.0458,-0.002,0.9989,0,5.4464,0,0,1]},
{"frame":57,"values":[0.9982,0.0146,-0.0581,0,-0.0145,0.9999,0.0028,0,0.0581,-0.0019,0.9983,0,5.4464,0,0,1]},
{"frame":58,"values":[0.9975,0.0043,-0.0704,0,-0.0042,1,0.0023,0,0.0704,-0.002,0.9975,0,5.4464,0,0,1]},
{"frame":59,"values":[0.9966,-0.006,-0.0827,0,0.0062,1,0.0017,0,0.0827,-0.0022,0.9966,0,5.4464,0,0,1]},
{"frame":60,"values":[0.9954,-0.0163,-0.0949,0,0.0165,0.9999,0.0009,0,0.0949,-0.0024,0.9955,0,5.4464,0,0,1]},
{"frame":61,"values":[0.9939,-0.0266,-0.1072,0,0.0268,0.9996,0,0,0.1071,-0.0029,0.9942,0,5.4464,0,0,1]},
{"frame":62,"values":[0.9941,0.0578,0.0923,0,-0.0575,0.9983,-0.0051,0,-0.0925,-0.0002,0.9957,0,5.4464,0,0,1]},
{"frame":63,"values":[0.9476,0.1406,0.287,0,-0.1387,0.99,-0.0268,0,-0.2879,-0.0144,0.9576,0,5.4464,0,0,1]},
{"frame":64,"values":[0.9932,0.0149,0.1158,0,-0.0148,0.9999,-0.0012,0,-0.1158,-0.0006,0.9933,0,5.4464,0,0,1]},
{"frame":65,"values":[0.9919,-0.1115,-0.0609,0,0.1119,0.9937,0.0023,0,0.0603,-0.0091,0.9981,0,5.4464,0,0,1]},
{"frame":66,"values":[0.9892,-0.1029,-0.1047,0,0.1035,0.9946,0.0003,0,0.1041,-0.0112,0.9945,0,5.4464,0,0,1]},
{"frame":67,"values":[0.9844,-0.0942,-0.1484,0,0.0951,0.9955,-0.0012,0,0.1478,-0.0129,0.9889,0,5.4464,0,0,1]},
{"frame":68,"values":[0.9777,-0.0854,-0.1918,0,0.0865,0.9962,-0.0025,0,0.1913,-0.0142,0.9814,0,5.4464,0,0,1]},
{"frame":69,"values":[0.969,-0.0766,-0.2348,0,0.078,0.9969,-0.0033,0,0.2343,-0.0151,0.972,0,5.4464,0,0,1]},
{"frame":70,"values":[0.9732,-0.0704,-0.219,0,0.0716,0.9974,-0.0025,0,0.2186,-0.0132,0.9757,0,5.4464,0,0,1]},
{"frame":71,"values":[0.977,-0.0643,-0.2032,0,0.0652,0.9979,-0.0018,0,0.2029,-0.0115,0.9791,0,5.4464,0,0,1]},
{"frame":72,"values":[0.9806,-0.058,-0.1873,0,0.0589,0.9983,-0.0013,0,0.1871,-0.0098,0.9823,0,5.4464,0,0,1]},
{"frame":73,"values":[0.9838,-0.0518,-0.1714,0,0.0524,0.9986,-0.0008,0,0.1712,-0.0082,0.9852,0,5.4464,0,0,1]},
{"frame":74,"values":[0.9868,-0.0455,-0.1554,0,0.046,0.9989,-0.0005,0,0.1552,-0.0067,0.9879,0,5.4464,0,0,1]},
{"frame":75,"values":[0.9895,-0.0393,-0.1393,0,0.0396,0.9992,-0.0002,0,0.1392,-0.0053,0.9902,0,5.4464,0,0,1]},
{"frame":76,"values":[0.9918,-0.0329,-0.1233,0,0.0332,0.9994,0,0,0.1232,-0.004,0.9924,0,5.4464,0,0,1]},
{"frame":77,"values":[0.9939,-0.0266,-0.1072,0,0.0268,0.9996,0,0,0.1071,-0.0029,0.9942,0,5.4464,0,0,1]},
{"frame":82,"values":[0.9983,-0.016,-0.0566,0,0.0184,0.9989,0.0422,0,0.0559,-0.0432,0.9975,0,5.4464,0,0,1]},
{"frame":83,"values":[1,-0.0075,-0.0055,0,0.008,0.9964,0.0839,0,0.0048,-0.084,0.9965,0,5.4464,0,0,1]},
{"frame":84,"values":[0.9989,-0.0011,0.046,0,-0.0046,0.9922,0.1248,0,-0.0457,-0.1249,0.9911,0,5.4464,0,0,1]},
{"frame":85,"values":[0.9963,0.0125,0.085,0,-0.0219,0.9937,0.1097,0,-0.0831,-0.1111,0.9903,0,5.4464,0,0,1]},
{"frame":86,"values":[0.9919,0.0267,0.1239,0,-0.0385,0.9948,0.0938,0,-0.1207,-0.0978,0.9879,0,5.4464,0,0,1]},
{"frame":87,"values":[0.9859,0.0415,0.1624,0,-0.0546,0.9955,0.0772,0,-0.1584,-0.0849,0.9837,0,5.4464,0.0001,0,1]},
{"frame":88,"values":[0.9781,0.0567,0.2004,0,-0.07,0.9957,0.0599,0,-0.1962,-0.0726,0.9779,0,5.4464,0,0,1]},
{"frame":89,"values":[0.9686,0.0724,0.2379,0,-0.0848,0.9955,0.0421,0,-0.2338,-0.0609,0.9704,0,5.4464,0,0,1]},
{"frame":90,"values":[0.9575,0.0885,0.2747,0,-0.0988,0.9948,0.0237,0,-0.2711,-0.0498,0.9613,0,5.4464,0,0,1]},
{"frame":91,"values":[0.9447,0.105,0.3107,0,-0.112,0.9937,0.0048,0,-0.3082,-0.0393,0.9505,0,5.4464,0,0,1]},
{"frame":92,"values":[0.9304,0.1218,0.3458,0,-0.1244,0.9921,-0.0145,0,-0.3448,-0.0295,0.9382,0,5.4464,0,0,1]},
{"frame":93,"values":[0.9581,0.0863,0.2732,0,-0.0901,0.9959,0.0011,0,-0.272,-0.0256,0.962,0,5.4464,0,0,1]},
{"frame":94,"values":[0.9789,0.0503,0.1978,0,-0.0542,0.9984,0.014,0,-0.1968,-0.0245,0.9801,0,5.4464,0,-0.0001,1]},
{"frame":95,"values":[0.9926,0.0142,0.1206,0,-0.0172,0.9996,0.0242,0,-0.1202,-0.0261,0.9924,0,5.4464,0,0,1]},
{"frame":96,"values":[0.9989,-0.0218,0.0424,0,0.0205,0.9993,0.0314,0,-0.043,-0.0305,0.9986,0,5.4464,0,0,1]},
{"frame":97,"values":[0.9977,-0.0571,-0.0361,0,0.0584,0.9977,0.0356,0,0.034,-0.0377,0.9987,0,5.4464,0,0,1]},
{"frame":98,"values":[0.9893,-0.0915,-0.1138,0,0.0962,0.9947,0.0369,0,0.1098,-0.0474,0.9928,0,5.4464,0,0,1]},
{"frame":99,"values":[0.995,-0.0314,-0.0947,0,0.0359,0.9983,0.0459,0,0.0931,-0.049,0.9944,0,5.4464,0,0,1]},
{"frame":100,"values":[0.9968,0.0289,-0.0751,0,-0.0249,0.9982,0.0537,0,0.0765,-0.0517,0.9957,0,5.4464,0,0,1]},
{"frame":101,"values":[0.9945,0.0889,-0.055,0,-0.0855,0.9945,0.0603,0,0.0601,-0.0553,0.9967,0,5.4464,0,0,1]},
{"frame":104,"values":[0.9945,0.0889,-0.055,0,-0.0855,0.9945,0.0603,0,0.0601,-0.0553,0.9967,0,5.4464,0,0,1]}],"loopBehavior":1,"name":"anim","property":"_matrix"}},
{"name":"xuong:Bone003","index":2,"matrix":[0.985,-0.0027,-0.1723,0,0.0023,1,-0.0027,0,0.1724,0.0022,0.985,0,104.1826,0,0,1],"rest":[0.985,-0.0027,-0.1723,0,0.0023,1,-0.0027,0,0.1724,0.0022,0.985,0,104.1826,0,0,1],"parentBoneIndex":1,"length":69.3874
,"animation":{"dataType":3,"framePerSecond":30,"keys":[
{"frame":1,"values":[0.985,-0.0027,-0.1723,0,0.0023,1,-0.0027,0,0.1724,0.0022,0.985,0,104.1826,0,0,1]},
{"frame":2,"values":[0.9712,-0.0159,-0.2379,0,0.0167,0.9999,0.0013,0,0.2379,-0.0052,0.9713,0,104.1826,0,0,1]},
{"frame":3,"values":[0.9629,-0.0375,-0.2674,0,0.0397,0.9992,0.0028,0,0.2671,-0.0133,0.9636,0,104.1826,0,0,1]},
{"frame":4,"values":[0.9676,-0.0516,-0.2472,0,0.0527,0.9986,-0.0023,0,0.2469,-0.0108,0.969,0,104.1826,0,0,1]},
{"frame":5,"values":[0.9827,-0.0574,-0.1763,0,0.0573,0.9983,-0.0055,0,0.1764,-0.0047,0.9843,0,104.1826,0,0,1]},
{"frame":6,"values":[0.9958,-0.0503,-0.0764,0,0.0502,0.9987,-0.0029,0,0.0764,-0.0009,0.9971,0,104.1826,0,0,1]},
{"frame":7,"values":[0.9993,-0.0308,0.022,0,0.0308,0.9995,0.0042,0,-0.0222,-0.0035,0.9997,0,104.1826,0,0,1]},
{"frame":8,"values":[0.993,-0.0062,0.1183,0,0.0049,0.9999,0.0114,0,-0.1184,-0.0108,0.9929,0,104.1826,0,0,1]},
{"frame":9,"values":[0.9778,0.0178,0.2086,0,-0.0209,0.9997,0.0127,0,-0.2083,-0.0168,0.9779,0,104.1826,0,0,1]},
{"frame":10,"values":[0.9549,0.0308,0.2954,0,-0.0346,0.9994,0.0077,0,-0.295,-0.0176,0.9553,0,104.1826,0,0,1]},
{"frame":11,"values":[0.9335,0.0418,0.356,0,-0.0452,0.999,0.0014,0,-0.3556,-0.0174,0.9345,0,104.1826,0,0,1]},
{"frame":12,"values":[0.9325,0.0441,0.3585,0,-0.047,0.9989,-0.0005,0,-0.3581,-0.0164,0.9335,0,104.1826,0,0,1]},
{"frame":13,"values":[0.9554,0.044,0.2921,0,-0.0459,0.9989,-0.0004,0,-0.2918,-0.0131,0.9564,0,104.1826,0,0,1]},
{"frame":14,"values":[0.9832,0.0388,0.1785,0,-0.0388,0.9992,-0.0034,0,-0.1785,-0.0036,0.9839,0,104.1826,0,0,1]},
{"frame":15,"values":[0.9983,0.0272,0.0506,0,-0.0269,0.9996,-0.0074,0,-0.0508,0.006,0.9987,0,104.1826,0,0,1]},
{"frame":16,"values":[0.9976,0.0134,-0.0681,0,-0.0139,0.9999,-0.0068,0,0.068,0.0077,0.9977,0,104.1826,0,0,1]},
{"frame":1,"values":[0.9999,0.0124,0,0,-0.0124,0.9999,0,0,0,0,1,0,104.1826,0,0,1]},
{"frame":2,"values":[0.9998,0.0121,0.0151,0,-0.0121,0.9999,0,0,-0.0151,-0.0002,0.9999,0,104.1826,0,0,1]},
{"frame":3,"values":[0.9995,0.0119,0.0302,0,-0.0119,0.9999,0,0,-0.0302,-0.0004,0.9995,0,104.1826,0,0,1]},
{"frame":4,"values":[0.9989,0.0116,0.0453,0,-0.0116,0.9999,0,0,-0.0453,-0.0006,0.999,0,104.1826,0,0,1]},
{"frame":5,"values":[0.9981,0.0113,0.0604,0,-0.0113,0.9999,0.0001,0,-0.0604,-0.0008,0.9982,0,104.1826,0,0,1]},
{"frame":6,"values":[0.9971,0.011,0.0756,0,-0.011,0.9999,0.0001,0,-0.0756,-0.0009,0.9971,0,104.1826,0,0,1]},
{"frame":7,"values":[0.9958,0.0107,0.0907,0,-0.0108,0.9999,0.0001,0,-0.0907,-0.0011,0.9959,0,104.1826,0,0,1]},
{"frame":8,"values":[0.9943,0.0104,0.1058,0,-0.0105,0.9999,0.0002,0,-0.1058,-0.0013,0.9944,0,104.1826,0,0,1]},
{"frame":9,"values":[0.9926,0.0101,0.1209,0,-0.0102,0.9999,0.0002,0,-0.1209,-0.0014,0.9927,0,104.1826,0,0,1]},
{"frame":10,"values":[0.9907,0.0098,0.136,0,-0.0099,1,0.0003,0,-0.136,-0.0016,0.9907,0,104.1826,0,0,1]},
{"frame":11,"values":[0.9885,0.0095,0.151,0,-0.0097,1,0.0003,0,-0.151,-0.0018,0.9885,0,104.1826,0,0,1]},
{"frame":12,"values":[0.9861,0.0092,0.166,0,-0.0094,1,0.0004,0,-0.166,-0.0019,0.9861,0,104.1826,0,0,1]},
{"frame":13,"values":[0.9834,0.0089,0.181,0,-0.0091,1,0.0004,0,-0.181,-0.0021,0.9835,0,104.1826,0,0,1]},
{"frame":14,"values":[0.9806,0.0086,0.1959,0,-0.0088,1,0.0005,0,-0.1959,-0.0022,0.9806,0,104.1826,0,0,1]},
{"frame":15,"values":[0.9775,0.0083,0.2108,0,-0.0086,1,0.0006,0,-0.2108,-0.0023,0.9775,0,104.1826,0,0,1]},
{"frame":16,"values":[0.9742,0.008,0.2257,0,-0.0083,1,0.0006,0,-0.2257,-0.0025,0.9742,0,104.1826,0,0,1]},
{"frame":17,"values":[0.9706,0.0076,0.2404,0,-0.008,1,0.0007,0,-0.2404,-0.0026,0.9707,0,104.1826,0,0,1]},
{"frame":18,"values":[0.9669,0.0073,0.2552,0,-0.0078,1,0.0008,0,-0.2552,-0.0027,0.9669,0,104.1826,0,0,1]},
{"frame":19,"values":[0.9629,0.007,0.2698,0,-0.0075,1,0.0009,0,-0.2698,-0.0029,0.9629,0,104.1826,0,0,1]},
{"frame":20,"values":[0.9587,0.0067,0.2844,0,-0.0072,1,0.0009,0,-0.2844,-0.003,0.9587,0,104.1826,0,0,1]},
{"frame":21,"values":[0.9543,0.0064,0.2989,0,-0.007,1,0.001,0,-0.2989,-0.0031,0.9543,0,104.1826,0,0,1]},
{"frame":22,"values":[0.9496,0.006,0.3133,0,-0.0067,1,0.0011,0,-0.3133,-0.0032,0.9496,0,104.1826,0,0,1]},
{"frame":23,"values":[0.9448,0.0057,0.3276,0,-0.0065,1,0.0012,0,-0.3276,-0.0033,0.9448,0,104.1826,0,0,1]},
{"frame":24,"values":[0.9397,0.0054,0.3419,0,-0.0062,1,0.0013,0,-0.3419,-0.0034,0.9397,0,104.1826,0,0,1]},
{"frame":25,"values":[0.9345,0.0051,0.356,0,-0.006,1,0.0014,0,-0.356,-0.0035,0.9345,0,104.1826,0,0,1]},
{"frame":26,"values":[0.9335,-0.0091,0.3585,0,0.0099,1,-0.0005,0,-0.3585,0.004,0.9335,0,104.1826,0,0,1]},
{"frame":27,"values":[0.9563,-0.0104,0.2921,0,0.011,0.9999,-0.0004,0,-0.2921,0.0036,0.9564,0,104.1826,0,0,1]},
{"frame":28,"values":[0.9839,0.0021,0.1785,0,-0.0015,1,-0.0034,0,-0.1785,0.003,0.9839,0,104.1826,0,0,1]},
{"frame":29,"values":[0.9986,0.0115,0.0506,0,-0.0112,0.9999,-0.0074,0,-0.0507,0.0068,0.9987,0,104.1826,0,0,1]},
{"frame":30,"values":[0.9976,0.0076,-0.0681,0,-0.008,0.9999,-0.0068,0,0.0681,0.0073,0.9977,0,104.1826,0,0,1]},
{"frame":31,"values":[0.985,-0.0027,-0.1723,0,0.0023,1,-0.0027,0,0.1724,0.0022,0.985,0,104.1826,0,0,1]},
{"frame":32,"values":[0.9712,-0.0159,-0.2379,0,0.0167,0.9999,0.0013,0,0.2379,-0.0052,0.9713,0,104.1826,0,0,1]},
{"frame":33,"values":[0.9629,-0.0375,-0.2674,0,0.0397,0.9992,0.0028,0,0.2671,-0.0133,0.9636,0,104.1826,0,0,1]},
{"frame":34,"values":[0.9676,-0.0516,-0.2472,0,0.0527,0.9986,-0.0023,0,0.2469,-0.0108,0.969,0,104.1826,0,0,1]},
{"frame":35,"values":[0.9827,-0.0574,-0.1763,0,0.0573,0.9983,-0.0055,0,0.1764,-0.0047,0.9843,0,104.1826,0,0,1]},
{"frame":36,"values":[0.9958,-0.0503,-0.0764,0,0.0502,0.9987,-0.0029,0,0.0764,-0.0009,0.9971,0,104.1825,0,0,1]},
{"frame":37,"values":[0.9993,-0.0308,0.022,0,0.0308,0.9995,0.0042,0,-0.0222,-0.0035,0.9997,0,104.1825,0,0,1]},
{"frame":38,"values":[0.993,-0.0062,0.1183,0,0.0049,0.9999,0.0114,0,-0.1184,-0.0108,0.9929,0,104.1825,0,0,1]},
{"frame":39,"values":[0.9778,0.0178,0.2086,0,-0.0209,0.9997,0.0127,0,-0.2083,-0.0168,0.9779,0,104.1826,0,0,1]},
{"frame":40,"values":[0.9549,0.0308,0.2954,0,-0.0346,0.9994,0.0077,0,-0.295,-0.0176,0.9553,0,104.1826,0,0,1]},
{"frame":41,"values":[0.9335,0.0418,0.356,0,-0.0452,0.999,0.0014,0,-0.3556,-0.0174,0.9345,0,104.1826,0,0,1]},
{"frame":42,"values":[0.9325,0.0441,0.3585,0,-0.047,0.9989,-0.0005,0,-0.3581,-0.0164,0.9335,0,104.1826,0,0,1]},
{"frame":43,"values":[0.9554,0.044,0.2921,0,-0.0459,0.9989,-0.0004,0,-0.2918,-0.0131,0.9564,0,104.1826,0,0,1]},
{"frame":44,"values":[0.9832,0.0388,0.1785,0,-0.0388,0.9992,-0.0034,0,-0.1785,-0.0036,0.9839,0,104.1826,0,0,1]},
{"frame":45,"values":[0.9983,0.0272,0.0506,0,-0.0269,0.9996,-0.0074,0,-0.0508,0.006,0.9987,0,104.1826,0,0,1]},
{"frame":46,"values":[0.9976,0.0134,-0.0681,0,-0.0139,0.9999,-0.0068,0,0.068,0.0077,0.9977,0,104.1826,0,0,1]},
{"frame":47,"values":[0.985,-0.0027,-0.1723,0,0.0023,1,-0.0027,0,0.1724,0.0022,0.985,0,104.1826,0,0,1]},
{"frame":48,"values":[0.9712,-0.0159,-0.2379,0,0.0167,0.9999,0.0013,0,0.2379,-0.0052,0.9713,0,104.1826,0,0,1]},
{"frame":49,"values":[0.9629,-0.0375,-0.2674,0,0.0397,0.9992,0.0028,0,0.2671,-0.0133,0.9636,0,104.1825,0,0,1]},
{"frame":50,"values":[0.9676,-0.0516,-0.2472,0,0.0527,0.9986,-0.0023,0,0.2469,-0.0108,0.969,0,104.1826,0,0,1]},
{"frame":51,"values":[0.9835,-0.04,-0.1763,0,0.0397,0.9992,-0.0055,0,0.1764,-0.0016,0.9843,0,104.1826,0,0,1]},
{"frame":52,"values":[0.997,-0.0092,-0.0764,0,0.009,1,-0.0029,0,0.0764,0.0022,0.9971,0,104.1826,0,0,1]},
{"frame":53,"values":[0.9996,0.0163,0.022,0,-0.0164,0.9999,0.0042,0,-0.022,-0.0045,0.9997,0,104.1826,0,0,1]},
{"frame":54,"values":[0.9999,0.014,-0.0023,0,-0.014,0.9999,0.0035,0,0.0024,-0.0035,1,0,104.1825,0,0,1]},
{"frame":55,"values":[0.9996,0.0117,-0.0267,0,-0.0116,0.9999,0.0028,0,0.0268,-0.0025,0.9996,0,104.1826,0,0,1]},
{"frame":56,"values":[0.9986,0.0093,-0.0511,0,-0.0092,1,0.002,0,0.0512,-0.0015,0.9987,0,104.1826,0,0,1]},
{"frame":57,"values":[0.9971,0.007,-0.0755,0,-0.0069,1,0.0012,0,0.0755,-0.0007,0.9971,0,104.1826,0,0,1]},
{"frame":58,"values":[0.995,0.0046,-0.0999,0,-0.0046,1,0.0003,0,0.0999,0.0001,0.995,0,104.1826,0,0,1]},
{"frame":59,"values":[0.9923,0.0022,-0.1241,0,-0.0023,1,-0.0006,0,0.1241,0.0009,0.9923,0,104.1826,0,0,1]},
{"frame":60,"values":[0.9889,-0.0003,-0.1483,0,0,1,-0.0016,0,0.1483,0.0016,0.9889,0,104.1826,0,0,1]},
{"frame":61,"values":[0.985,-0.0027,-0.1723,0,0.0023,1,-0.0027,0,0.1724,0.0022,0.985,0,104.1826,0,0,1]},
{"frame":62,"values":[0.9873,0.0568,-0.1484,0,-0.0572,0.9984,0.0012,0,0.1483,0.0073,0.9889,0,104.1826,0,0,1]},
{"frame":63,"values":[0.9854,0.1161,-0.1242,0,-0.1166,0.9932,0.0035,0,0.1238,0.011,0.9922,0,104.1826,0,0,1]},
{"frame":64,"values":[0.9495,0.156,0.2724,0,-0.1564,0.9875,-0.0204,0,-0.2721,-0.0233,0.962,0,104.1826,0,0,1]},
{"frame":65,"values":[0.7603,0.1791,0.6244,0,-0.1835,0.9813,-0.058,0,-0.6231,-0.0704,0.779,0,104.1826,0,0,1]},
{"frame":66,"values":[0.8067,0.15,0.5717,0,-0.1524,0.9873,-0.0439,0,-0.571,-0.0518,0.8193,0,104.1826,0,0,1]},
{"frame":67,"values":[0.8484,0.1193,0.5157,0,-0.1202,0.9922,-0.0318,0,-0.5155,-0.035,0.8562,0,104.1826,0,0,1]},
{"frame":68,"values":[0.8851,0.0875,0.457,0,-0.0871,0.996,-0.0219,0,-0.4571,-0.0204,0.8892,0,104.1826,0,0,1]},
{"frame":69,"values":[0.9166,0.0547,0.3961,0,-0.0534,0.9985,-0.0144,0,-0.3963,-0.008,0.9181,0,104.1826,0,0,1]},
{"frame":70,"values":[0.943,0.0481,0.3292,0,-0.047,0.9988,-0.0112,0,-0.3293,-0.0049,0.9442,0,104.1826,0,0,1]},
{"frame":71,"values":[0.9647,0.0412,0.26,0,-0.0403,0.9991,-0.0085,0,-0.2601,-0.0023,0.9656,0,104.1826,0,0,1]},
{"frame":72,"values":[0.9814,0.034,0.189,0,-0.0335,0.9994,-0.0062,0,-0.1891,-0.0002,0.982,0,104.1826,0,0,1]},
{"frame":73,"values":[0.9928,0.0268,0.1169,0,-0.0264,0.9996,-0.0045,0,-0.1169,0.0013,0.9931,0,104.1826,0,0,1]},
{"frame":74,"values":[0.9988,0.0194,0.044,0,-0.0193,0.9998,-0.0032,0,-0.0441,0.0024,0.999,0,104.1826,0,0,1]},
{"frame":75,"values":[0.9995,0.012,-0.0288,0,-0.0121,0.9999,-0.0025,0,0.0288,0.0029,0.9996,0,104.1826,0,0,1]},
{"frame":76,"values":[0.9949,0.0046,-0.1011,0,-0.0049,1,-0.0023,0,0.1011,0.0028,0.9949,0,104.1826,0,0,1]},
{"frame":77,"values":[0.985,-0.0027,-0.1723,0,0.0023,1,-0.0027,0,0.1724,0.0022,0.985,0,104.1826,0,0,1]},
{"frame":82,"values":[0.9618,0.1074,-0.2517,0,-0.1076,0.9941,0.0129,0,0.2516,0.0147,0.9677,0,104.1826,0,0,1]},
{"frame":83,"values":[0.92,0.2153,-0.3274,0,-0.2151,0.9759,0.0374,0,0.3276,0.036,0.9441,0,104.1826,0,0,1]},
{"frame":84,"values":[0.8608,0.3179,-0.3975,0,-0.317,0.9458,0.0701,0,0.3982,0.0657,0.9149,0,104.1826,0,0,1]},
{"frame":85,"values":[0.882,0.3249,-0.3414,0,-0.322,0.9444,0.0668,0,0.3441,0.0511,0.9375,0,104.1826,-0.0001,0,1]},
{"frame":86,"values":[0.9,0.331,-0.2837,0,-0.3269,0.943,0.0631,0,0.2884,0.036,0.9568,0,104.1826,0,0,1]},
{"frame":87,"values":[0.9146,0.3361,-0.2248,0,-0.3315,0.9416,0.0591,0,0.2315,0.0205,0.9726,0,104.1826,0,0,1]},
{"frame":88,"values":[0.9257,0.3404,-0.1649,0,-0.336,0.9403,0.0548,0,0.1737,0.0046,0.9848,0,104.1826,0,0,1]},
{"frame":89,"values":[0.9333,0.3436,-0.1044,0,-0.3401,0.939,0.0503,0,0.1153,-0.0114,0.9933,0,104.1826,0,0,1]},
{"frame":90,"values":[0.9373,0.3459,-0.0436,0,-0.344,0.9379,0.0455,0,0.0566,-0.0276,0.998,0,104.1826,0,0,1]},
{"frame":91,"values":[0.9377,0.3472,0.0171,0,-0.3476,0.9368,0.0404,0,-0.002,-0.0439,0.999,0,104.1826,0,0,1]},
{"frame":92,"values":[0.9345,0.3474,0.0774,0,-0.3508,0.9358,0.0352,0,-0.0602,-0.0601,0.9964,0,104.1826,0,0,1]},
{"frame":93,"values":[0.9367,0.3148,0.1532,0,-0.3233,0.9457,0.0334,0,-0.1344,-0.0808,0.9876,0,104.1826,0,0,1]},
{"frame":94,"values":[0.9324,0.2802,0.2283,0,-0.2952,0.9548,0.0339,0,-0.2085,-0.099,0.973,0,104.1826,0,0,1]},
{"frame":95,"values":[0.9215,0.2441,0.3021,0,-0.2671,0.963,0.0366,0,-0.282,-0.1144,0.9526,0,104.1826,0,0,1]},
{"frame":96,"values":[0.9042,0.2068,0.3737,0,-0.239,0.9701,0.0415,0,-0.3539,-0.1268,0.9266,0,104.1826,0,0,1]},
{"frame":97,"values":[0.9517,0.1834,0.246,0,-0.2038,0.9772,0.06,0,-0.2294,-0.1072,0.9674,0,104.1826,0,0,1]},
{"frame":98,"values":[0.9813,0.157,0.1115,0,-0.1657,0.9834,0.0737,0,-0.0981,-0.0908,0.991,0,104.1826,0,-0.0001,1]},
{"frame":99,"values":[0.9914,0.1282,-0.0261,0,-0.1257,0.9887,0.082,0,0.0363,-0.078,0.9963,0,104.1826,0,0,1]},
{"frame":100,"values":[0.9818,0.098,-0.1627,0,-0.085,0.9928,0.0846,0,0.1698,-0.0693,0.983,0,104.1826,0,0,1]},
{"frame":101,"values":[0.9533,0.0671,-0.2944,0,-0.0448,0.9956,0.0818,0,0.2986,-0.0647,0.9522,0,104.1826,0,0,1]},
{"frame":102,"values":[0.9581,0.066,-0.2786,0,-0.0448,0.9956,0.0818,0,0.2828,-0.0658,0.9569,0,104.1826,0,0,1]},
