{"producer":{"name":"Blender","version":"2.79 (sub 0)","exporter_version":"5.6.3","file":"Fish8.babylon"},
"autoClear":true,"clearColor":[0.0509,0.0509,0.0509],"ambientColor":[0,0,0],"gravity":[0,-9.81,0],
"materials":[{"name":"Fish8.ca_dao_texture_low","id":"Fish8.ca_dao_texture_low","ambient":[1,1,1],"diffuse":[0.8,0.8,0.8],"specular":[0.5,0.5,0.5],"emissive":[0,0,0],"specularPower":49,"alpha":1,"backFaceCulling":true,"checkReadyOnlyOnce":false,"maxSimultaneousLights":4, 
"diffuseTexture":{"name":"","level":1,"hasAlpha":1,"coordinatesMode":0,"uOffset":0,"vOffset":0,"uScale":1,"vScale":1,"uAng":0,"vAng":0,"wAng":0,"wrapU":1,"wrapV":1,"coordinatesIndex":0}}],
"multiMaterials":[],
"skeletons":[{"name":"ca_dao","id":0,"dimensionsAtRest":[39.3428,45.0477,15.3519],"bones":[
{"name":"be_root01","index":0,"matrix":[1,0,0,0,0,1,0,0,0,0,-1,0,8,-4.5174,0,1],"rest":[1,0,0,0,0,1,0,0,0,0,-1,0,8,-4.5174,0,1],"parentBoneIndex":-1,"length":1.6739
,"animation":{"dataType":3,"framePerSecond":24,"keys":[
{"frame":1,"values":[1,0,0,0,0,1,0,0,0,0,-1,0,8,-4.5174,0,1]},
{"frame":27,"values":[1,0,0,0,0,1,0,0,0,0,-1,0,8,-4.5174,0,1]},
{"frame":41,"values":[1,0,0,0,0,1,0,0,0,0,-1,0,8,-4.5174,0,1]},
{"frame":67,"values":[1,0,0,0,0,1,0,0,0,0,-1,0,8,-4.5174,0,1]}],"loopBehavior":1,"name":"anim","property":"_matrix"}},
{"name":"bn_tail01","index":1,"matrix":[-0.9991,0,0.0414,0,0,1,0,0,-0.0414,0,-0.9991,0,0,1.5174,0,1],"rest":[-1,0,0,0,0,1,0,0,0,0,-1,0,0,1.5174,0,1],"parentBoneIndex":0,"length":9.2633
,"animation":{"dataType":3,"framePerSecond":24,"keys":[
{"frame":1,"values":[-0.9991,0,0.0414,0,0,1,0,0,-0.0414,0,-0.9991,0,0,1.5174,0,1]},
{"frame":3,"values":[-0.9986,0,0.053,0,0,1,0,0,-0.053,0,-0.9986,0,0,1.5174,0,1]},
{"frame":4,"values":[-0.9967,0,0.0815,0,0,1,0,0,-0.0815,0,-0.9967,0,0,1.5174,0,1]},
{"frame":5,"values":[-0.9942,0,0.1075,0,0,1,0,0,-0.1075,0,-0.9942,0,0,1.5174,0,1]},
{"frame":6,"values":[-0.9919,0,0.1268,0,0,1,0,0,-0.1268,0,-0.9919,0,0,1.5174,0,1]},
{"frame":7,"values":[-0.9906,0,0.1371,0,0,1,0,0,-0.1371,0,-0.9906,0,0,1.5174,0,1]},
{"frame":8,"values":[-0.9907,0,0.1361,0,0,1,0,0,-0.1361,0,-0.9907,0,0,1.5174,0,1]},
{"frame":9,"values":[-0.9923,0,0.124,0,0,1,0,0,-0.124,0,-0.9923,0,0,1.5174,0,1]},
{"frame":10,"values":[-0.9947,0,0.1024,0,0,1,0,0,-0.1024,0,-0.9947,0,0,1.5174,0,1]},
{"frame":11,"values":[-0.9971,0,0.0759,0,0,1,0,0,-0.0759,0,-0.9971,0,0,1.5174,0,1]},
{"frame":12,"values":[-0.9989,0,0.0472,0,0,1,0,0,-0.0472,0,-0.9989,0,0,1.5174,0,1]},
{"frame":13,"values":[-0.9998,0,0.0194,0,0,1,0,0,-0.0194,0,-0.9998,0,0,1.5174,0,1]},
{"frame":14,"values":[-1,0,-0.0048,0,0,1,0,0,0.0048,0,-1,0,0,1.5174,0,1]},
{"frame":15,"values":[-0.9995,0,-0.0304,0,0,1,0,0,0.0304,0,-0.9995,0,0,1.5174,0,1]},
{"frame":16,"values":[-0.9983,0,-0.0588,0,0,1,0,0,0.0588,0,-0.9983,0,0,1.5174,0,1]},
{"frame":17,"values":[-0.9962,0,-0.0872,0,0,1,0,0,0.0872,0,-0.9962,0,0,1.5174,0,1]},
{"frame":18,"values":[-0.9937,0,-0.1116,0,0,1,0,0,0.1116,0,-0.9937,0,0,1.5174,0,1]},
{"frame":19,"values":[-0.9916,0,-0.1296,0,0,1,0,0,0.1296,0,-0.9916,0,0,1.5174,0,1]},
{"frame":20,"values":[-0.9904,0,-0.1382,0,0,1,0,0,0.1382,0,-0.9904,0,0,1.5174,0,1]},
{"frame":21,"values":[-0.9908,0,-0.1351,0,0,1,0,0,0.1351,0,-0.9908,0,0,1.5174,0,1]},
{"frame":22,"values":[-0.9928,0,-0.1199,0,0,1,0,0,0.1199,0,-0.9928,0,0,1.5174,0,1]},
{"frame":23,"values":[-0.9953,0,-0.0973,0,0,1,0,0,0.0973,0,-0.9953,0,0,1.5174,0,1]},
{"frame":24,"values":[-0.9975,0,-0.0702,0,0,1,0,0,0.0702,0,-0.9975,0,0,1.5174,0,1]},
{"frame":25,"values":[-0.9991,0,-0.0414,0,0,1,0,0,0.0414,0,-0.9991,0,0,1.5174,0,1]},
{"frame":26,"values":[-0.9999,0,-0.0145,0,0,1,0,0,0.0145,0,-0.9999,0,0,1.5174,0,1]},
{"frame":27,"values":[-1,0,0,0,0,1,0,0,0,0,-1,0,0,1.5174,0,1]},
{"frame":41,"values":[-0.9991,0,0.0414,0,0,1,0,0,-0.0414,0,-0.9991,0,0,1.5174,0,1]},
{"frame":43,"values":[-0.9986,0,0.053,0,0,1,0,0,-0.053,0,-0.9986,0,0,1.5174,0,1]},
{"frame":44,"values":[-0.9967,0,0.0815,0,0,1,0,0,-0.0815,0,-0.9967,0,0,1.5174,0,1]},
{"frame":45,"values":[-0.9942,0,0.1075,0,0,1,0,0,-0.1075,0,-0.9942,0,0,1.5174,0,1]},
{"frame":46,"values":[-0.9919,0,0.1268,0,0,1,0,0,-0.1268,0,-0.9919,0,0,1.5174,0,1]},
{"frame":47,"values":[-0.9906,0,0.1371,0,0,1,0,0,-0.1371,0,-0.9906,0,0,1.5174,0,1]},
{"frame":48,"values":[-0.9907,0,0.1361,0,0,1,0,0,-0.1361,0,-0.9907,0,0,1.5174,0,1]},
{"frame":49,"values":[-0.9923,0,0.124,0,0,1,0,0,-0.124,0,-0.9923,0,0,1.5174,0,1]},
{"frame":50,"values":[-0.9947,0,0.1024,0,0,1,0,0,-0.1024,0,-0.9947,0,0,1.5174,0,1]},
{"frame":51,"values":[-0.9971,0,0.0759,0,0,1,0,0,-0.0759,0,-0.9971,0,0,1.5174,0,1]},
{"frame":52,"values":[-0.9989,0,0.0472,0,0,1,0,0,-0.0472,0,-0.9989,0,0,1.5174,0,1]},
{"frame":53,"values":[-0.9998,0,0.0194,0,0,1,0,0,-0.0194,0,-0.9998,0,0,1.5174,0,1]},
{"frame":54,"values":[-1,0,-0.0048,0,0,1,0,0,0.0048,0,-1,0,0,1.5174,0,1]},
{"frame":55,"values":[-0.9995,0,-0.0304,0,0,1,0,0,0.0304,0,-0.9995,0,0,1.5174,0,1]},
{"frame":56,"values":[-0.9983,0,-0.0588,0,0,1,0,0,0.0588,0,-0.9983,0,0,1.5174,0,1]},
{"frame":57,"values":[-0.9962,0,-0.0872,0,0,1,0,0,0.0872,0,-0.9962,0,0,1.5174,0,1]},
{"frame":58,"values":[-0.9937,0,-0.1116,0,0,1,0,0,0.1116,0,-0.9937,0,0,1.5174,0,1]},
{"frame":59,"values":[-0.9916,0,-0.1296,0,0,1,0,0,0.1296,0,-0.9916,0,0,1.5174,0,1]},
{"frame":60,"values":[-0.9904,0,-0.1382,0,0,1,0,0,0.1382,0,-0.9904,0,0,1.5174,0,1]},
{"frame":61,"values":[-0.9908,0,-0.1351,0,0,1,0,0,0.1351,0,-0.9908,0,0,1.5174,0,1]},
{"frame":62,"values":[-0.9928,0,-0.1199,0,0,1,0,0,0.1199,0,-0.9928,0,0,1.5174,0,1]},
{"frame":63,"values":[-0.9953,0,-0.0973,0,0,1,0,0,0.0973,0,-0.9953,0,0,1.5174,0,1]},
{"frame":64,"values":[-0.9975,0,-0.0702,0,0,1,0,0,0.0702,0,-0.9975,0,0,1.5174,0,1]},
{"frame":65,"values":[-0.9991,0,-0.0414,0,0,1,0,0,0.0414,0,-0.9991,0,0,1.5174,0,1]},
{"frame":66,"values":[-0.9999,0,-0.0145,0,0,1,0,0,0.0145,0,-0.9999,0,0,1.5174,0,1]},
{"frame":67,"values":[-1,0,0,0,0,1,0,0,0,0,-1,0,0,1.5174,0,1]}],"loopBehavior":1,"name":"anim","property":"_matrix"}},
{"name":"bn_tail02","index":2,"matrix":[0.9923,0,0.124,0,0,1,0,0,-0.124,0,0.9923,0,6.2429,0,0,1],"rest":[1,0,0,0,0,1,0,0,0,0,1,0,6.2429,0,0,1],"parentBoneIndex":1,"length":13.5936
,"animation":{"dataType":3,"framePerSecond":24,"keys":[
{"frame":1,"values":[0.9923,0,0.124,0,0,1,0,0,-0.124,0,0.9923,0,6.2429,0,0,1]},
{"frame":3,"values":[0.9933,0,0.1158,0,0,1,0,0,-0.1158,0,0.9933,0,6.2429,0,0,1]},
{"frame":4,"values":[0.9957,0,0.0922,0,0,1,0,0,-0.0922,0,0.9957,0,6.2429,0,0,1]},
{"frame":5,"values":[0.9979,0,0.0646,0,0,1,0,0,-0.0646,0,0.9979,0,6.2429,0,0,1]},
{"frame":6,"values":[0.9994,0,0.0359,0,0,1,0,0,-0.0359,0,0.9994,0,6.2429,0,0,1]},
{"frame":7,"values":[1,0,0.0097,0,0,1,0,0,-0.0097,0,1,0,6.2429,0,0,1]},
{"frame":8,"values":[0.9999,0,-0.0145,0,0,1,0,0,0.0145,0,0.9999,0,6.2429,0,0,1]},
{"frame":9,"values":[0.9991,0,-0.0414,0,0,1,0,0,0.0414,0,0.9991,0,6.2429,0,0,1]},
{"frame":10,"values":[0.9975,0,-0.0702,0,0,1,0,0,0.0702,0,0.9975,0,6.2429,0,0,1]},
{"frame":11,"values":[0.9953,0,-0.0973,0,0,1,0,0,0.0973,0,0.9953,0,6.2429,0,0,1]},
{"frame":12,"values":[0.9928,0,-0.1199,0,0,1,0,0,0.1199,0,0.9928,0,6.2429,0,0,1]},
{"frame":13,"values":[0.9908,0,-0.1351,0,0,1,0,0,0.1351,0,0.9908,0,6.2429,0,0,1]},
{"frame":14,"values":[0.9904,0,-0.1382,0,0,1,0,0,0.1382,0,0.9904,0,6.2429,0,0,1]},
{"frame":15,"values":[0.9916,0,-0.1296,0,0,1,0,0,0.1296,0,0.9916,0,6.2429,0,0,1]},
{"frame":16,"values":[0.9937,0,-0.1116,0,0,1,0,0,0.1116,0,0.9937,0,6.2429,0,0,1]},
{"frame":17,"values":[0.9962,0,-0.0872,0,0,1,0,0,0.0872,0,0.9962,0,6.2429,0,0,1]},
{"frame":18,"values":[0.9983,0,-0.0588,0,0,1,0,0,0.0588,0,0.9983,0,6.2429,0,0,1]},
{"frame":19,"values":[0.9995,0,-0.0304,0,0,1,0,0,0.0304,0,0.9995,0,6.2429,0,0,1]},
{"frame":20,"values":[1,0,-0.0048,0,0,1,0,0,0.0048,0,1,0,6.2429,0,0,1]},
{"frame":21,"values":[0.9998,0,0.0194,0,0,1,0,0,-0.0194,0,0.9998,0,6.2429,0,0,1]},
{"frame":22,"values":[0.9989,0,0.0472,0,0,1,0,0,-0.0472,0,0.9989,0,6.2429,0,0,1]},
{"frame":23,"values":[0.9971,0,0.0759,0,0,1,0,0,-0.0759,0,0.9971,0,6.2429,0,0,1]},
{"frame":24,"values":[0.9947,0,0.1024,0,0,1,0,0,-0.1024,0,0.9947,0,6.2429,0,0,1]},
{"frame":25,"values":[0.9923,0,0.124,0,0,1,0,0,-0.124,0,0.9923,0,6.2429,0,0,1]},
{"frame":26,"values":[0.9907,0,0.1361,0,0,1,0,0,-0.1361,0,0.9907,0,6.2429,0,0,1]},
{"frame":27,"values":[0.9903,0,0.1392,0,0,1,0,0,-0.1392,0,0.9903,0,6.2429,0,0,1]},
{"frame":41,"values":[0.9923,0,0.124,0,0,1,0,0,-0.124,0,0.9923,0,6.2429,0,0,1]},
{"frame":43,"values":[0.9933,0,0.1158,0,0,1,0,0,-0.1158,0,0.9933,0,6.2429,0,0,1]},
{"frame":44,"values":[0.9957,0,0.0922,0,0,1,0,0,-0.0922,0,0.9957,0,6.2429,0,0,1]},
{"frame":45,"values":[0.9979,0,0.0646,0,0,1,0,0,-0.0646,0,0.9979,0,6.2429,0,0,1]},
{"frame":46,"values":[0.9994,0,0.0359,0,0,1,0,0,-0.0359,0,0.9994,0,6.2429,0,0,1]},
{"frame":47,"values":[1,0,0.0097,0,0,1,0,0,-0.0097,0,1,0,6.2429,0,0,1]},
{"frame":48,"values":[0.9999,0,-0.0145,0,0,1,0,0,0.0145,0,0.9999,0,6.2429,0,0,1]},
{"frame":49,"values":[0.9991,0,-0.0414,0,0,1,0,0,0.0414,0,0.9991,0,6.2429,0,0,1]},
{"frame":50,"values":[0.9975,0,-0.0702,0,0,1,0,0,0.0702,0,0.9975,0,6.2429,0,0,1]},
{"frame":51,"values":[0.9953,0,-0.0973,0,0,1,0,0,0.0973,0,0.9953,0,6.2429,0,0,1]},
{"frame":52,"values":[0.9928,0,-0.1199,0,0,1,0,0,0.1199,0,0.9928,0,6.2429,0,0,1]},
{"frame":53,"values":[0.9908,0,-0.1351,0,0,1,0,0,0.1351,0,0.9908,0,6.2429,0,0,1]},
{"frame":54,"values":[0.9904,0,-0.1382,0,0,1,0,0,0.1382,0,0.9904,0,6.2429,0,0,1]},
{"frame":55,"values":[0.9916,0,-0.1296,0,0,1,0,0,0.1296,0,0.9916,0,6.2429,0,0,1]},
{"frame":56,"values":[0.9937,0,-0.1116,0,0,1,0,0,0.1116,0,0.9937,0,6.2429,0,0,1]},
{"frame":57,"values":[0.9962,0,-0.0872,0,0,1,0,0,0.0872,0,0.9962,0,6.2429,0,0,1]},
{"frame":58,"values":[0.9983,0,-0.0588,0,0,1,0,0,0.0588,0,0.9983,0,6.2429,0,0,1]},
{"frame":59,"values":[0.9995,0,-0.0304,0,0,1,0,0,0.0304,0,0.9995,0,6.2429,0,0,1]},
{"frame":60,"values":[1,0,-0.0048,0,0,1,0,0,0.0048,0,1,0,6.2429,0,0,1]},
{"frame":61,"values":[0.9998,0,0.0194,0,0,1,0,0,-0.0194,0,0.9998,0,6.2429,0,0,1]},
{"frame":62,"values":[0.9989,0,0.0472,0,0,1,0,0,-0.0472,0,0.9989,0,6.2429,0,0,1]},
{"frame":63,"values":[0.9971,0,0.0759,0,0,1,0,0,-0.0759,0,0.9971,0,6.2429,0,0,1]},
{"frame":64,"values":[0.9947,0,0.1024,0,0,1,0,0,-0.1024,0,0.9947,0,6.2429,0,0,1]},
{"frame":65,"values":[0.9923,0,0.124,0,0,1,0,0,-0.124,0,0.9923,0,6.2429,0,0,1]},
{"frame":66,"values":[0.9907,0,0.1361,0,0,1,0,0,-0.1361,0,0.9907,0,6.2429,0,0,1]},
{"frame":67,"values":[0.9903,0,0.1392,0,0,1,0,0,-0.1392,0,0.9903,0,6.2429,0,0,1]}],"loopBehavior":1,"name":"anim","property":"_matrix"}},
{"name":"bn_tail04","index":3,"matrix":[0.9827,0,0.1855,0,0,1,0,0,-0.1855,0,0.9827,0,10.6315,0,0,1],"rest":[1,0,0,0,0,1,0,0,0,0,1,0,10.6315,0,0,1],"parentBoneIndex":2,"length":10.1518
,"animation":{"dataType":3,"framePerSecond":24,"keys":[
{"frame":1,"values":[0.9827,0,0.1855,0,0,1,0,0,-0.1855,0,0.9827,0,10.6315,0,0,1]},
{"frame":3,"values":[0.9849,0,0.1732,0,0,1,0,0,-0.1732,0,0.9849,0,10.6315,0,0,1]},
{"frame":4,"values":[0.9904,0,0.1381,0,0,1,0,0,-0.1381,0,0.9904,0,10.6315,0,0,1]},
{"frame":5,"values":[0.9953,0,0.0968,0,0,1,0,0,-0.0968,0,0.9953,0,10.6315,0,0,1]},
{"frame":6,"values":[0.9985,0,0.0539,0,0,1,0,0,-0.0539,0,0.9985,0,10.6315,0,0,1]},
{"frame":7,"values":[0.9999,0,0.0145,0,0,1,0,0,-0.0145,0,0.9999,0,10.6315,0,0,1]},
{"frame":8,"values":[0.9998,0,-0.0218,0,0,1,0,0,0.0218,0,0.9998,0,10.6315,0,0,1]},
{"frame":9,"values":[0.9981,0,-0.0621,0,0,1,0,0,0.0621,0,0.9981,0,10.6315,0,0,1]},
{"frame":10,"values":[0.9944,0,-0.1052,0,0,1,0,0,0.1052,0,0.9944,0,10.6315,0,0,1]},
{"frame":11,"values":[0.9893,0,-0.1457,0,0,1,0,0,0.1457,0,0.9893,0,10.6315,0,0,1]},
{"frame":12,"values":[0.9838,0,-0.1793,0,0,1,0,0,0.1793,0,0.9838,0,10.6315,0,0,1]},
{"frame":13,"values":[0.9794,0,-0.2019,0,0,1,0,0,0.2019,0,0.9794,0,10.6315,0,0,1]},
{"frame":14,"values":[0.9785,0,-0.2064,0,0,1,0,0,0.2064,0,0.9785,0,10.6315,0,0,1]},
{"frame":15,"values":[0.9811,0,-0.1937,0,0,1,0,0,0.1937,0,0.9811,0,10.6315,0,0,1]},
{"frame":16,"values":[0.986,0,-0.167,0,0,1,0,0,0.167,0,0.986,0,10.6315,0,0,1]},
{"frame":17,"values":[0.9914,0,-0.1305,0,0,1,0,0,0.1305,0,0.9914,0,10.6315,0,0,1]},
{"frame":18,"values":[0.9961,0,-0.0881,0,0,1,0,0,0.0881,0,0.9961,0,10.6315,0,0,1]},
{"frame":19,"values":[0.999,0,-0.0456,0,0,1,0,0,0.0456,0,0.999,0,10.6315,0,0,1]},
{"frame":20,"values":[1,0,-0.0073,0,0,1,0,0,0.0073,0,1,0,10.6315,0,0,1]},
{"frame":21,"values":[0.9996,0,0.029,0,0,1,0,0,-0.029,0,0.9996,0,10.6315,0,0,1]},
{"frame":22,"values":[0.9975,0,0.0708,0,0,1,0,0,-0.0708,0,0.9975,0,10.6315,0,0,1]},
{"frame":23,"values":[0.9935,0,0.1137,0,0,1,0,0,-0.1137,0,0.9935,0,10.6315,0,0,1]},
{"frame":24,"values":[0.9882,0,0.1533,0,0,1,0,0,-0.1533,0,0.9882,0,10.6315,0,0,1]},
{"frame":25,"values":[0.9827,0,0.1855,0,0,1,0,0,-0.1855,0,0.9827,0,10.6315,0,0,1]},
{"frame":26,"values":[0.9791,0,0.2034,0,0,1,0,0,-0.2034,0,0.9791,0,10.6315,0,0,1]},
{"frame":27,"values":[0.9781,0,0.2079,0,0,1,0,0,-0.2079,0,0.9781,0,10.6315,0,0,1]},
{"frame":41,"values":[0.9827,0,0.1855,0,0,1,0,0,-0.1855,0,0.9827,0,10.6315,0,0,1]},
{"frame":43,"values":[0.9849,0,0.1732,0,0,1,0,0,-0.1732,0,0.9849,0,10.6315,0,0,1]},
{"frame":44,"values":[0.9904,0,0.1381,0,0,1,0,0,-0.1381,0,0.9904,0,10.6315,0,0,1]},
{"frame":45,"values":[0.9953,0,0.0968,0,0,1,0,0,-0.0968,0,0.9953,0,10.6315,0,0,1]},
{"frame":46,"values":[0.9985,0,0.0539,0,0,1,0,0,-0.0539,0,0.9985,0,10.6315,0,0,1]},
{"frame":47,"values":[0.9999,0,0.0145,0,0,1,0,0,-0.0145,0,0.9999,0,10.6315,0,0,1]},
{"frame":48,"values":[0.9998,0,-0.0218,0,0,1,0,0,0.0218,0,0.9998,0,10.6315,0,0,1]},
{"frame":49,"values":[0.9981,0,-0.0621,0,0,1,0,0,0.0621,0,0.9981,0,10.6315,0,0,1]},
{"frame":50,"values":[0.9944,0,-0.1052,0,0,1,0,0,0.1052,0,0.9944,0,10.6315,0,0,1]},
{"frame":51,"values":[0.9893,0,-0.1457,0,0,1,0,0,0.1457,0,0.9893,0,10.6315,0,0,1]},
{"frame":52,"values":[0.9838,0,-0.1793,0,0,1,0,0,0.1793,0,0.9838,0,10.6315,0,0,1]},
{"frame":53,"values":[0.9794,0,-0.2019,0,0,1,0,0,0.2019,0,0.9794,0,10.6315,0,0,1]},
{"frame":54,"values":[0.9785,0,-0.2064,0,0,1,0,0,0.2064,0,0.9785,0,10.6315,0,0,1]},
{"frame":55,"values":[0.9811,0,-0.1937,0,0,1,0,0,0.1937,0,0.9811,0,10.6315,0,0,1]},
{"frame":56,"values":[0.986,0,-0.167,0,0,1,0,0,0.167,0,0.986,0,10.6315,0,0,1]},
{"frame":57,"values":[0.9914,0,-0.1305,0,0,1,0,0,0.1305,0,0.9914,0,10.6315,0,0,1]},
{"frame":58,"values":[0.9961,0,-0.0881,0,0,1,0,0,0.0881,0,0.9961,0,10.6315,0,0,1]},
{"frame":59,"values":[0.999,0,-0.0456,0,0,1,0,0,0.0456,0,0.999,0,10.6315,0,0,1]},
{"frame":60,"values":[1,0,-0.0073,0,0,1,0,0,0.0073,0,1,0,10.6315,0,0,1]},
{"frame":61,"values":[0.9996,0,0.029,0,0,1,0,0,-0.029,0,0.9996,0,10.6315,0,0,1]},
{"frame":62,"values":[0.9975,0,0.0708,0,0,1,0,0,-0.0708,0,0.9975,0,10.6315,0,0,1]},
{"frame":63,"values":[0.9935,0,0.1137,0,0,1,0,0,-0.1137,0,0.9935,0,10.6315,0,0,1]},
{"frame":64,"values":[0.9882,0,0.1533,0,0,1,0,0,-0.1533,0,0.9882,0,10.6315,0,0,1]},
{"frame":65,"values":[0.9827,0,0.1855,0,0,1,0,0,-0.1855,0,0.9827,0,10.6315,0,0,1]},
{"frame":66,"values":[0.9791,0,0.2034,0,0,1,0,0,-0.2034,0,0.9791,0,10.6315,0,0,1]},
{"frame":67,"values":[0.9781,0,0.2079,0,0,1,0,0,-0.2079,0,0.9781,0,10.6315,0,0,1]}],"loopBehavior":1,"name":"anim","property":"_matrix"}},
{"name":"bn_tail05","index":4,"matrix":[0.9993,0,0.0363,0,0,1,0,0,-0.0363,0,0.9993,0,4.963,0,0,1],"rest":[1,0,0,0,0,1,0,0,0,0,1,0,4.963,0,0,1],"parentBoneIndex":3,"length":7.0684
,"animation":{"dataType":3,"framePerSecond":24,"keys":[
{"frame":1,"values":[0.9993,0,0.0363,0,0,1,0,0,-0.0363,0,0.9993,0,4.963,0,0,1]},
{"frame":3,"values":[0.9989,0,0.0464,0,0,1,0,0,-0.0464,0,0.9989,0,4.963,0,0,1]},
{"frame":4,"values":[0.9975,0,0.0713,0,0,1,0,0,-0.0713,0,0.9975,0,4.963,0,0,1]},
{"frame":5,"values":[0.9956,0,0.0941,0,0,1,0,0,-0.0941,0,0.9956,0,4.963,0,0,1]},
{"frame":6,"values":[0.9938,0,0.111,0,0,1,0,0,-0.111,0,0.9938,0,4.963,0,0,1]},
{"frame":7,"values":[0.9928,0,0.1201,0,0,1,0,0,-0.1201,0,0.9928,0,4.963,0,0,1]},
{"frame":8,"values":[0.9929,0,0.1192,0,0,1,0,0,-0.1192,0,0.9929,0,4.963,0,0,1]},
{"frame":9,"values":[0.9941,0,0.1086,0,0,1,0,0,-0.1086,0,0.9941,0,4.963,0,0,1]},
{"frame":10,"values":[0.996,0,0.0897,0,0,1,0,0,-0.0897,0,0.996,0,4.963,0,0,1]},
{"frame":11,"values":[0.9978,0,0.0664,0,0,1,0,0,-0.0664,0,0.9978,0,4.963,0,0,1]},
{"frame":12,"values":[0.9991,0,0.0413,0,0,1,0,0,-0.0413,0,0.9991,0,4.963,0,0,1]},
{"frame":13,"values":[0.9999,0,0.0169,0,0,1,0,0,-0.0169,0,0.9999,0,4.963,0,0,1]},
{"frame":14,"values":[1,0,-0.0042,0,0,1,0,0,0.0042,0,1,0,4.963,0,0,1]},
{"frame":15,"values":[0.9996,0,-0.0266,0,0,1,0,0,0.0266,0,0.9996,0,4.963,0,0,1]},
{"frame":16,"values":[0.9987,0,-0.0515,0,0,1,0,0,0.0515,0,0.9987,0,4.963,0,0,1]},
{"frame":17,"values":[0.9971,0,-0.0763,0,0,1,0,0,0.0763,0,0.9971,0,4.963,0,0,1]},
{"frame":18,"values":[0.9952,0,-0.0977,0,0,1,0,0,0.0977,0,0.9952,0,4.963,0,0,1]},
{"frame":19,"values":[0.9935,0,-0.1135,0,0,1,0,0,0.1135,0,0.9935,0,4.963,0,0,1]},
{"frame":20,"values":[0.9927,0,-0.121,0,0,1,0,0,0.121,0,0.9927,0,4.963,0,0,1]},
{"frame":21,"values":[0.993,0,-0.1183,0,0,1,0,0,0.1183,0,0.993,0,4.963,0,0,1]},
{"frame":22,"values":[0.9945,0,-0.105,0,0,1,0,0,0.105,0,0.9945,0,4.963,0,0,1]},
{"frame":23,"values":[0.9964,0,-0.0852,0,0,1,0,0,0.0852,0,0.9964,0,4.963,0,0,1]},
{"frame":24,"values":[0.9981,0,-0.0615,0,0,1,0,0,0.0615,0,0.9981,0,4.963,0,0,1]},
{"frame":25,"values":[0.9993,0,-0.0363,0,0,1,0,0,0.0363,0,0.9993,0,4.963,0,0,1]},
{"frame":26,"values":[0.9999,0,-0.0127,0,0,1,0,0,0.0127,0,0.9999,0,4.963,0,0,1]},
{"frame":27,"values":[1,0,0,0,0,1,0,0,0,0,1,0,4.963,0,0,1]},
{"frame":41,"values":[0.9993,0,0.0363,0,0,1,0,0,-0.0363,0,0.9993,0,4.963,0,0,1]},
{"frame":43,"values":[0.9989,0,0.0464,0,0,1,0,0,-0.0464,0,0.9989,0,4.963,0,0,1]},
{"frame":44,"values":[0.9975,0,0.0713,0,0,1,0,0,-0.0713,0,0.9975,0,4.963,0,0,1]},
{"frame":45,"values":[0.9956,0,0.0941,0,0,1,0,0,-0.0941,0,0.9956,0,4.963,0,0,1]},
{"frame":46,"values":[0.9938,0,0.111,0,0,1,0,0,-0.111,0,0.9938,0,4.963,0,0,1]},
{"frame":47,"values":[0.9928,0,0.1201,0,0,1,0,0,-0.1201,0,0.9928,0,4.963,0,0,1]},
{"frame":48,"values":[0.9929,0,0.1192,0,0,1,0,0,-0.1192,0,0.9929,0,4.963,0,0,1]},
{"frame":49,"values":[0.9941,0,0.1086,0,0,1,0,0,-0.1086,0,0.9941,0,4.963,0,0,1]},
{"frame":50,"values":[0.996,0,0.0897,0,0,1,0,0,-0.0897,0,0.996,0,4.963,0,0,1]},
{"frame":51,"values":[0.9978,0,0.0664,0,0,1,0,0,-0.0664,0,0.9978,0,4.963,0,0,1]},
{"frame":52,"values":[0.9991,0,0.0413,0,0,1,0,0,-0.0413,0,0.9991,0,4.963,0,0,1]},
{"frame":53,"values":[0.9999,0,0.0169,0,0,1,0,0,-0.0169,0,0.9999,0,4.963,0,0,1]},
{"frame":54,"values":[1,0,-0.0042,0,0,1,0,0,0.0042,0,1,0,4.963,0,0,1]},
{"frame":55,"values":[0.9996,0,-0.0266,0,0,1,0,0,0.0266,0,0.9996,0,4.963,0,0,1]},
{"frame":56,"values":[0.9987,0,-0.0515,0,0,1,0,0,0.0515,0,0.9987,0,4.963,0,0,1]},
{"frame":57,"values":[0.9971,0,-0.0763,0,0,1,0,0,0.0763,0,0.9971,0,4.963,0,0,1]},
{"frame":58,"values":[0.9952,0,-0.0977,0,0,1,0,0,0.0977,0,0.9952,0,4.963,0,0,1]},
{"frame":59,"values":[0.9935,0,-0.1135,0,0,1,0,0,0.1135,0,0.9935,0,4.963,0,0,1]},
{"frame":60,"values":[0.9927,0,-0.121,0,0,1,0,0,0.121,0,0.9927,0,4.963,0,0,1]},
{"frame":61,"values":[0.993,0,-0.1183,0,0,1,0,0,0.1183,0,0.993,0,4.963,0,0,1]},
{"frame":62,"values":[0.9945,0,-0.105,0,0,1,0,0,0.105,0,0.9945,0,4.963,0,0,1]},
{"frame":63,"values":[0.9964,0,-0.0852,0,0,1,0,0,0.0852,0,0.9964,0,4.963,0,0,1]},
{"frame":64,"values":[0.9981,0,-0.0615,0,0,1,0,0,0.0615,0,0.9981,0,4.963,0,0,1]},
{"frame":65,"values":[0.9993,0,-0.0363,0,0,1,0,0,0.0363,0,0.9993,0,4.963,0,0,1]},
{"frame":66,"values":[0.9999,0,-0.0127,0,0,1,0,0,0.0127,0,0.9999,0,4.963,0,0,1]},
{"frame":67,"values":[1,0,0,0,0,1,0,0,0,0,1,0,4.963,0,0,1]}],"loopBehavior":1,"name":"anim","property":"_matrix"}},
{"name":"bn_upper_scale01_e","index":5,"matrix":[0.6371,0.77,0.0363,0,-0.7705,0.6375,0,0,-0.0231,-0.0279,0.9993,0,-0.5344,7.0482,0,1],"rest":[0.6375,0.7705,0,0,-0.7705,0.6375,0,0,0,0,1,0,-0.5344,7.0482,0,1],"parentBoneIndex":4,"length":5.06
,"animation":{"dataType":3,"framePerSecond":24,"keys":[
{"frame":1,"values":[0.6371,0.77,0.0363,0,-0.7705,0.6375,0,0,-0.0231,-0.0279,0.9993,0,-0.5344,7.0482,0,1]},
{"frame":3,"values":[0.6368,0.7696,0.0464,0,-0.7705,0.6375,0,0,-0.0296,-0.0357,0.9989,0,-0.5344,7.0482,0,1]},
{"frame":4,"values":[0.6359,0.7685,0.0713,0,-0.7705,0.6375,0,0,-0.0455,-0.055,0.9975,0,-0.5344,7.0482,0,1]},
{"frame":5,"values":[0.6346,0.767,0.0941,0,-0.7705,0.6375,0,0,-0.06,-0.0725,0.9956,0,-0.5344,7.0482,0,1]},
{"frame":6,"values":[0.6335,0.7657,0.111,0,-0.7705,0.6375,0,0,-0.0708,-0.0855,0.9938,0,-0.5344,7.0482,0,1]},
{"frame":7,"values":[0.6329,0.7649,0.1201,0,-0.7705,0.6375,0,0,-0.0766,-0.0925,0.9928,0,-0.5344,7.0482,0,1]},
{"frame":8,"values":[0.6329,0.765,0.1192,0,-0.7705,0.6375,0,0,-0.076,-0.0918,0.9929,0,-0.5344,7.0482,0,1]},
{"frame":9,"values":[0.6337,0.7659,0.1086,0,-0.7705,0.6375,0,0,-0.0692,-0.0837,0.9941,0,-0.5344,7.0482,0,1]},
{"frame":10,"values":[0.6349,0.7674,0.0897,0,-0.7705,0.6375,0,0,-0.0572,-0.0691,0.996,0,-0.5344,7.0482,0,1]},
{"frame":11,"values":[0.6361,0.7688,0.0664,0,-0.7705,0.6375,0,0,-0.0423,-0.0512,0.9978,0,-0.5344,7.0482,0,1]},
{"frame":12,"values":[0.6369,0.7698,0.0413,0,-0.7705,0.6375,0,0,-0.0263,-0.0318,0.9991,0,-0.5344,7.0482,0,1]},
{"frame":13,"values":[0.6374,0.7704,0.0169,0,-0.7705,0.6375,0,0,-0.0108,-0.0131,0.9999,0,-0.5344,7.0482,0,1]},
{"frame":14,"values":[0.6375,0.7705,-0.0042,0,-0.7705,0.6375,0,0,0.0027,0.0033,1,0,-0.5344,7.0482,0,1]},
{"frame":15,"values":[0.6373,0.7702,-0.0266,0,-0.7705,0.6375,0,0,0.017,0.0205,0.9996,0,-0.5344,7.0482,0,1]},
{"frame":16,"values":[0.6366,0.7694,-0.0515,0,-0.7705,0.6375,0,0,0.0328,0.0396,0.9987,0,-0.5344,7.0482,0,1]},
{"frame":17,"values":[0.6356,0.7682,-0.0763,0,-0.7705,0.6375,0,0,0.0486,0.0588,0.9971,0,-0.5344,7.0482,0,1]},
{"frame":18,"values":[0.6344,0.7668,-0.0977,0,-0.7705,0.6375,0,0,0.0623,0.0753,0.9952,0,-0.5344,7.0482,0,1]},
{"frame":19,"values":[0.6334,0.7655,-0.1135,0,-0.7705,0.6375,0,0,0.0723,0.0874,0.9935,0,-0.5344,7.0482,0,1]},
{"frame":20,"values":[0.6328,0.7648,-0.121,0,-0.7705,0.6375,0,0,0.0771,0.0932,0.9927,0,-0.5344,7.0482,0,1]},
{"frame":21,"values":[0.633,0.7651,-0.1183,0,-0.7705,0.6375,0,0,0.0754,0.0912,0.993,0,-0.5344,7.0482,0,1]},
{"frame":22,"values":[0.634,0.7662,-0.105,0,-0.7705,0.6375,0,0,0.0669,0.0809,0.9945,0,-0.5344,7.0482,0,1]},
{"frame":23,"values":[0.6352,0.7677,-0.0852,0,-0.7705,0.6375,0,0,0.0543,0.0656,0.9964,0,-0.5344,7.0482,0,1]},
{"frame":24,"values":[0.6363,0.769,-0.0615,0,-0.7705,0.6375,0,0,0.0392,0.0474,0.9981,0,-0.5344,7.0482,0,1]},
{"frame":25,"values":[0.6371,0.77,-0.0363,0,-0.7705,0.6375,0,0,0.0231,0.0279,0.9993,0,-0.5344,7.0482,0,1]},
{"frame":26,"values":[0.6374,0.7704,-0.0127,0,-0.7705,0.6375,0,0,0.0081,0.0098,0.9999,0,-0.5344,7.0482,0,1]},
{"frame":27,"values":[0.6375,0.7705,0,0,-0.7705,0.6375,0,0,0,0,1,0,-0.5344,7.0482,0,1]},
{"frame":41,"values":[0.6371,0.77,0.0363,0,-0.7705,0.6375,0,0,-0.0231,-0.0279,0.9993,0,-0.5344,7.0482,0,1]},
{"frame":43,"values":[0.6368,0.7696,0.0464,0,-0.7705,0.6375,0,0,-0.0296,-0.0357,0.9989,0,-0.5344,7.0482,0,1]},
{"frame":44,"values":[0.6359,0.7685,0.0713,0,-0.7705,0.6375,0,0,-0.0455,-0.055,0.9975,0,-0.5344,7.0482,0,1]},
{"frame":45,"values":[0.6346,0.767,0.0941,0,-0.7705,0.6375,0,0,-0.06,-0.0725,0.9956,0,-0.5344,7.0482,0,1]},
{"frame":46,"values":[0.6335,0.7657,0.111,0,-0.7705,0.6375,0,0,-0.0708,-0.0855,0.9938,0,-0.5344,7.0482,0,1]},
{"frame":47,"values":[0.6329,0.7649,0.1201,0,-0.7705,0.6375,0,0,-0.0766,-0.0925,0.9928,0,-0.5344,7.0482,0,1]},
{"frame":48,"values":[0.6329,0.765,0.1192,0,-0.7705,0.6375,0,0,-0.076,-0.0918,0.9929,0,-0.5344,7.0482,0,1]},
{"frame":49,"values":[0.6337,0.7659,0.1086,0,-0.7705,0.6375,0,0,-0.0692,-0.0837,0.9941,0,-0.5344,7.0482,0,1]},
{"frame":50,"values":[0.6349,0.7674,0.0897,0,-0.7705,0.6375,0,0,-0.0572,-0.0691,0.996,0,-0.5344,7.0482,0,1]},
{"frame":51,"values":[0.6361,0.7688,0.0664,0,-0.7705,0.6375,0,0,-0.0423,-0.0512,0.9978,0,-0.5344,7.0482,0,1]},
{"frame":52,"values":[0.6369,0.7698,0.0413,0,-0.7705,0.6375,0,0,-0.0263,-0.0318,0.9991,0,-0.5344,7.0482,0,1]},
{"frame":53,"values":[0.6374,0.7704,0.0169,0,-0.7705,0.6375,0,0,-0.0108,-0.0131,0.9999,0,-0.5344,7.0482,0,1]},
{"frame":54,"values":[0.6375,0.7705,-0.0042,0,-0.7705,0.6375,0,0,0.0027,0.0033,1,0,-0.5344,7.0482,0,1]},
{"frame":55,"values":[0.6373,0.7702,-0.0266,0,-0.7705,0.6375,0,0,0.017,0.0205,0.9996,0,-0.5344,7.0482,0,1]},
{"frame":56,"values":[0.6366,0.7694,-0.0515,0,-0.7705,0.6375,0,0,0.0328,0.0396,0.9987,0,-0.5344,7.0482,0,1]},
{"frame":57,"values":[0.6356,0.7682,-0.0763,0,-0.7705,0.6375,0,0,0.0486,0.0588,0.9971,0,-0.5344,7.0482,0,1]},
{"frame":58,"values":[0.6344,0.7668,-0.0977,0,-0.7705,0.6375,0,0,0.0623,0.0753,0.9952,0,-0.5344,7.0482,0,1]},
{"frame":59,"values":[0.6334,0.7655,-0.1135,0,-0.7705,0.6375,0,0,0.0723,0.0874,0.9935,0,-0.5344,7.0482,0,1]},
{"frame":60,"values":[0.6328,0.7648,-0.121,0,-0.7705,0.6375,0,0,0.0771,0.0932,0.9927,0,-0.5344,7.0482,0,1]},
{"frame":61,"values":[0.633,0.7651,-0.1183,0,-0.7705,0.6375,0,0,0.0754,0.0912,0.993,0,-0.5344,7.0482,0,1]},
{"frame":62,"values":[0.634,0.7662,-0.105,0,-0.7705,0.6375,0,0,0.0669,0.0809,0.9945,0,-0.5344,7.0482,0,1]},
{"frame":63,"values":[0.6352,0.7677,-0.0852,0,-0.7705,0.6375,0,0,0.0543,0.0656,0.9964,0,-0.5344,7.0482,0,1]},
{"frame":64,"values":[0.6363,0.769,-0.0615,0,-0.7705,0.6375,0,0,0.0392,0.0474,0.9981,0,-0.5344,7.0482,0,1]},
{"frame":65,"values":[0.6371,0.77,-0.0363,0,-0.7705,0.6375,0,0,0.0231,0.0279,0.9993,0,-0.5344,7.0482,0,1]},
{"frame":66,"values":[0.6374,0.7704,-0.0127,0,-0.7705,0.6375,0,0,0.0081,0.0098,0.9999,0,-0.5344,7.0482,0,1]},
{"frame":67,"values":[0.6375,0.7705,0,0,-0.7705,0.6375,0,0,0,0,1,0,-0.5344,7.0482,0,1]}],"loopBehavior":1,"name":"anim","property":"_matrix"}},
{"name":"bn_upper_scale02_e","index":6,"matrix":[0.9164,-0.369,-0.1548,0,0.3735,0.9276,0,0,0.1436,-0.0578,0.9879,0,5.06,0,0,1],"rest":[0.9276,-0.3735,0,0,0.3735,0.9276,0,0,0,0,1,0,5.06,0,0,1],"parentBoneIndex":5,"length":5.4993
,"animation":{"dataType":3,"framePerSecond":24,"keys":[
{"frame":1,"values":[0.9164,-0.369,-0.1548,0,0.3735,0.9276,0,0,0.1436,-0.0578,0.9879,0,5.06,0,0,1]},
{"frame":3,"values":[0.9179,-0.3696,-0.1445,0,0.3735,0.9276,0,0,0.1341,-0.054,0.9895,0,5.06,0,0,1]},
{"frame":4,"values":[0.9214,-0.3711,-0.1152,0,0.3735,0.9276,0,0,0.1069,-0.043,0.9933,0,5.06,0,0,1]},
{"frame":5,"values":[0.9246,-0.3723,-0.0807,0,0.3735,0.9276,0,0,0.0749,-0.0301,0.9967,0,5.06,0,0,1]},
{"frame":6,"values":[0.9267,-0.3732,-0.0449,0,0.3735,0.9276,0,0,0.0416,-0.0168,0.999,0,5.06,0,0,1]},
{"frame":7,"values":[0.9275,-0.3735,-0.0121,0,0.3735,0.9276,0,0,0.0112,-0.0045,0.9999,0,5.06,0,0,1]},
{"frame":8,"values":[0.9275,-0.3735,0.0182,0,0.3735,0.9276,0,0,-0.0168,0.0068,0.9998,0,5.06,0,0,1]},
{"frame":9,"values":[0.9264,-0.373,0.0518,0,0.3735,0.9276,0,0,-0.048,0.0193,0.9987,0,5.06,0,0,1]},
{"frame":10,"values":[0.924,-0.3721,0.0877,0,0.3735,0.9276,0,0,-0.0814,0.0328,0.9961,0,5.06,0,0,1]},
{"frame":11,"values":[0.9207,-0.3708,0.1216,0,0.3735,0.9276,0,0,-0.1128,0.0454,0.9926,0,5.06,0,0,1]},
{"frame":12,"values":[0.9172,-0.3693,0.1497,0,0.3735,0.9276,0,0,-0.1388,0.0559,0.9887,0,5.06,0,0,1]},
{"frame":13,"values":[0.9143,-0.3682,0.1686,0,0.3735,0.9276,0,0,-0.1564,0.063,0.9857,0,5.06,0,0,1]},
{"frame":14,"values":[0.9137,-0.3679,0.1724,0,0.3735,0.9276,0,0,-0.1599,0.0644,0.985,0,5.06,0,0,1]},
{"frame":15,"values":[0.9154,-0.3686,0.1617,0,0.3735,0.9276,0,0,-0.15,0.0604,0.9868,0,5.06,0,0,1]},
{"frame":16,"values":[0.9186,-0.3699,0.1394,0,0.3735,0.9276,0,0,-0.1293,0.0521,0.9902,0,5.06,0,0,1]},
{"frame":17,"values":[0.9221,-0.3713,0.1089,0,0.3735,0.9276,0,0,-0.101,0.0407,0.9941,0,5.06,0,0,1]},
{"frame":18,"values":[0.9251,-0.3725,0.0735,0,0.3735,0.9276,0,0,-0.0682,0.0274,0.9973,0,5.06,0,0,1]},
{"frame":19,"values":[0.9269,-0.3733,0.038,0,0.3735,0.9276,0,0,-0.0352,0.0142,0.9993,0,5.06,0,0,1]},
{"frame":20,"values":[0.9276,-0.3735,0.0061,0,0.3735,0.9276,0,0,-0.0056,0.0023,1,0,5.06,0,0,1]},
{"frame":21,"values":[0.9273,-0.3734,-0.0242,0,0.3735,0.9276,0,0,0.0224,-0.009,0.9997,0,5.06,0,0,1]},
{"frame":22,"values":[0.926,-0.3729,-0.059,0,0.3735,0.9276,0,0,0.0548,-0.022,0.9983,0,5.06,0,0,1]},
{"frame":23,"values":[0.9234,-0.3719,-0.0948,0,0.3735,0.9276,0,0,0.0879,-0.0354,0.9955,0,5.06,0,0,1]},
{"frame":24,"values":[0.92,-0.3705,-0.1279,0,0.3735,0.9276,0,0,0.1186,-0.0478,0.9918,0,5.06,0,0,1]},
{"frame":25,"values":[0.9164,-0.369,-0.1548,0,0.3735,0.9276,0,0,0.1436,-0.0578,0.9879,0,5.06,0,0,1]},
{"frame":26,"values":[0.9141,-0.3681,-0.1699,0,0.3735,0.9276,0,0,0.1576,-0.0635,0.9855,0,5.06,0,0,1]},
{"frame":27,"values":[0.9135,-0.3679,-0.1736,0,0.3735,0.9276,0,0,0.1611,-0.0649,0.9848,0,5.06,0,0,1]},
{"frame":41,"values":[0.9164,-0.369,-0.1548,0,0.3735,0.9276,0,0,0.1436,-0.0578,0.9879,0,5.06,0,0,1]},
{"frame":43,"values":[0.9179,-0.3696,-0.1445,0,0.3735,0.9276,0,0,0.1341,-0.054,0.9895,0,5.06,0,0,1]},
{"frame":44,"values":[0.9214,-0.3711,-0.1152,0,0.3735,0.9276,0,0,0.1069,-0.043,0.9933,0,5.06,0,0,1]},
{"frame":45,"values":[0.9246,-0.3723,-0.0807,0,0.3735,0.9276,0,0,0.0749,-0.0301,0.9967,0,5.06,0,0,1]},
{"frame":46,"values":[0.9267,-0.3732,-0.0449,0,0.3735,0.9276,0,0,0.0416,-0.0168,0.999,0,5.06,0,0,1]},
{"frame":47,"values":[0.9275,-0.3735,-0.0121,0,0.3735,0.9276,0,0,0.0112,-0.0045,0.9999,0,5.06,0,0,1]},
{"frame":48,"values":[0.9275,-0.3735,0.0182,0,0.3735,0.9276,0,0,-0.0168,0.0068,0.9998,0,5.06,0,0,1]},
{"frame":49,"values":[0.9264,-0.373,0.0518,0,0.3735,0.9276,0,0,-0.048,0.0193,0.9987,0,5.06,0,0,1]},
{"frame":50,"values":[0.924,-0.3721,0.0877,0,0.3735,0.9276,0,0,-0.0814,0.0328,0.9961,0,5.06,0,0,1]},
{"frame":51,"values":[0.9207,-0.3708,0.1216,0,0.3735,0.9276,0,0,-0.1128,0.0454,0.9926,0,5.06,0,0,1]},
{"frame":52,"values":[0.9172,-0.3693,0.1497,0,0.3735,0.9276,0,0,-0.1388,0.0559,0.9887,0,5.06,0,0,1]},
{"frame":53,"values":[0.9143,-0.3682,0.1686,0,0.3735,0.9276,0,0,-0.1564,0.063,0.9857,0,5.06,0,0,1]},
{"frame":54,"values":[0.9137,-0.3679,0.1724,0,0.3735,0.9276,0,0,-0.1599,0.0644,0.985,0,5.06,0,0,1]},
{"frame":55,"values":[0.9154,-0.3686,0.1617,0,0.3735,0.9276,0,0,-0.15,0.0604,0.9868,0,5.06,0,0,1]},
{"frame":56,"values":[0.9186,-0.3699,0.1394,0,0.3735,0.9276,0,0,-0.1293,0.0521,0.9902,0,5.06,0,0,1]},
{"frame":57,"values":[0.9221,-0.3713,0.1089,0,0.3735,0.9276,0,0,-0.101,0.0407,0.9941,0,5.06,0,0,1]},
{"frame":58,"values":[0.9251,-0.3725,0.0735,0,0.3735,0.9276,0,0,-0.0682,0.0274,0.9973,0,5.06,0,0,1]},
{"frame":59,"values":[0.9269,-0.3733,0.038,0,0.3735,0.9276,0,0,-0.0352,0.0142,0.9993,0,5.06,0,0,1]},
{"frame":60,"values":[0.9276,-0.3735,0.0061,0,0.3735,0.9276,0,0,-0.0056,0.0023,1,0,5.06,0,0,1]},
{"frame":61,"values":[0.9273,-0.3734,-0.0242,0,0.3735,0.9276,0,0,0.0224,-0.009,0.9997,0,5.06,0,0,1]},
{"frame":62,"values":[0.926,-0.3729,-0.059,0,0.3735,0.9276,0,0,0.0548,-0.022,0.9983,0,5.06,0,0,1]},
{"frame":63,"values":[0.9234,-0.3719,-0.0948,0,0.3735,0.9276,0,0,0.0879,-0.0354,0.9955,0,5.06,0,0,1]},
{"frame":64,"values":[0.92,-0.3705,-0.1279,0,0.3735,0.9276,0,0,0.1186,-0.0478,0.9918,0,5.06,0,0,1]},
{"frame":65,"values":[0.9164,-0.369,-0.1548,0,0.3735,0.9276,0,0,0.1436,-0.0578,0.9879,0,5.06,0,0,1]},
{"frame":66,"values":[0.9141,-0.3681,-0.1699,0,0.3735,0.9276,0,0,0.1576,-0.0635,0.9855,0,5.06,0,0,1]},
{"frame":67,"values":[0.9135,-0.3679,-0.1736,0,0.3735,0.9276,0,0,0.1611,-0.0649,0.9848,0,5.06,0,0,1]}],"loopBehavior":1,"name":"anim","property":"_matrix"}},
{"name":"be_upper_scale01_e","index":7,"matrix":[1,0,0,0,0,1,0,0,0,0,1,0,5.4993,0,0,1],"rest":[1,0,0,0,0,1,0,0,0,0,1,0,5.4993,0,0,1],"parentBoneIndex":6,"length":5.4993
,"animation":{"dataType":3,"framePerSecond":24,"keys":[
{"frame":1,"values":[1,0,0,0,0,1,0,0,0,0,1,0,5.4993,0,0,1]},
{"frame":27,"values":[1,0,0,0,0,1,0,0,0,0,1,0,5.4993,0,0,1]},
{"frame":41,"values":[1,0,0,0,0,1,0,0,0,0,1,0,5.4993,0,0,1]},
{"frame":67,"values":[1,0,0,0,0,1,0,0,0,0,1,0,5.4993,0,0,1]}],"loopBehavior":1,"name":"anim","property":"_matrix"}},
{"name":"be_upper_scale02_d","index":8,"matrix":[0.5842,0.8116,0,0,-0.8116,0.5842,0,0,0,0,1,0,4.4595,17.9773,0,1],"rest":[0.5842,0.8116,0,0,-0.8116,0.5842,0,0,0,0,1,0,4.4595,17.9773,0,1],"parentBoneIndex":3,"length":7.5772
,"animation":{"dataType":3,"framePerSecond":24,"keys":[
{"frame":1,"values":[0.5842,0.8116,0,0,-0.8116,0.5842,0,0,0,0,1,0,4.4595,17.9773,0,1]},
{"frame":27,"values":[0.5842,0.8116,0,0,-0.8116,0.5842,0,0,0,0,1,0,4.4595,17.9773,0,1]},
{"frame":41,"values":[0.5842,0.8116,0,0,-0.8116,0.5842,0,0,0,0,1,0,4.4595,17.9773,0,1]},
{"frame":67,"values":[0.5842,0.8116,0,0,-0.8116,0.5842,0,0,0,0,1,0,4.4595,17.9773,0,1]}],"loopBehavior":1,"name":"anim","property":"_matrix"}},
{"name":"bn_lower_scale01","index":9,"matrix":[0.9603,-0.2084,0.1855,0,0.212,0.9773,0,0,-0.1812,0.0393,0.9827,0,1.5286,-6.8005,0,1],"rest":[0.9773,-0.212,0,0,0.212,0.9773,0,0,0,0,1,0,1.5286,-6.8005,0,1],"parentBoneIndex":3,"length":4.581
,"animation":{"dataType":3,"framePerSecond":24,"keys":[
{"frame":1,"values":[0.9603,-0.2084,0.1855,0,0.212,0.9773,0,0,-0.1812,0.0393,0.9827,0,1.5286,-6.8005,0,1]},
{"frame":3,"values":[0.9625,-0.2088,0.1732,0,0.212,0.9773,0,0,-0.1692,0.0367,0.9849,0,1.5286,-6.8005,0,1]},
{"frame":4,"values":[0.9679,-0.21,0.1381,0,0.212,0.9773,0,0,-0.135,0.0293,0.9904,0,1.5286,-6.8005,0,1]},
{"frame":5,"values":[0.9727,-0.211,0.0968,0,0.212,0.9773,0,0,-0.0946,0.0205,0.9953,0,1.5286,-6.8005,0,1]},
{"frame":6,"values":[0.9758,-0.2117,0.0539,0,0.212,0.9773,0,0,-0.0526,0.0114,0.9985,0,1.5286,-6.8005,0,1]},
{"frame":7,"values":[0.9772,-0.212,0.0145,0,0.212,0.9773,0,0,-0.0142,0.0031,0.9999,0,1.5286,-6.8005,0,1]},
{"frame":8,"values":[0.977,-0.212,-0.0218,0,0.212,0.9773,0,0,0.0213,-0.0046,0.9998,0,1.5286,-6.8005,0,1]},
{"frame":9,"values":[0.9754,-0.2116,-0.0621,0,0.212,0.9773,0,0,0.0607,-0.0132,0.9981,0,1.5286,-6.8005,0,1]},
{"frame":10,"values":[0.9718,-0.2109,-0.1052,0,0.212,0.9773,0,0,0.1028,-0.0223,0.9944,0,1.5286,-6.8005,0,1]},
{"frame":11,"values":[0.9668,-0.2098,-0.1457,0,0.212,0.9773,0,0,0.1424,-0.0309,0.9893,0,1.5286,-6.8005,0,1]},
{"frame":12,"values":[0.9614,-0.2086,-0.1793,0,0.212,0.9773,0,0,0.1752,-0.038,0.9838,0,1.5286,-6.8005,0,1]},
{"frame":13,"values":[0.9571,-0.2077,-0.2019,0,0.212,0.9773,0,0,0.1973,-0.0428,0.9794,0,1.5286,-6.8005,0,1]},
{"frame":14,"values":[0.9562,-0.2075,-0.2064,0,0.212,0.9773,0,0,0.2017,-0.0438,0.9785,0,1.5286,-6.8005,0,1]},
{"frame":15,"values":[0.9588,-0.208,-0.1937,0,0.212,0.9773,0,0,0.1893,-0.0411,0.9811,0,1.5286,-6.8005,0,1]},
{"frame":16,"values":[0.9635,-0.2091,-0.167,0,0.212,0.9773,0,0,0.1632,-0.0354,0.986,0,1.5286,-6.8005,0,1]},
{"frame":17,"values":[0.9689,-0.2102,-0.1305,0,0.212,0.9773,0,0,0.1276,-0.0277,0.9914,0,1.5286,-6.8005,0,1]},
{"frame":18,"values":[0.9735,-0.2112,-0.0881,0,0.212,0.9773,0,0,0.0861,-0.0187,0.9961,0,1.5286,-6.8005,0,1]},
{"frame":19,"values":[0.9762,-0.2118,-0.0456,0,0.212,0.9773,0,0,0.0446,-0.0097,0.999,0,1.5286,-6.8005,0,1]},
{"frame":20,"values":[0.9772,-0.212,-0.0073,0,0.212,0.9773,0,0,0.0071,-0.0015,1,0,1.5286,-6.8005,0,1]},
{"frame":21,"values":[0.9768,-0.2119,0.029,0,0.212,0.9773,0,0,-0.0284,0.0062,0.9996,0,1.5286,-6.8005,0,1]},
{"frame":22,"values":[0.9748,-0.2115,0.0708,0,0.212,0.9773,0,0,-0.0692,0.015,0.9975,0,1.5286,-6.8005,0,1]},
{"frame":23,"values":[0.9709,-0.2107,0.1137,0,0.212,0.9773,0,0,-0.1111,0.0241,0.9935,0,1.5286,-6.8005,0,1]},
{"frame":24,"values":[0.9657,-0.2095,0.1533,0,0.212,0.9773,0,0,-0.1498,0.0325,0.9882,0,1.5286,-6.8005,0,1]},
{"frame":25,"values":[0.9603,-0.2084,0.1855,0,0.212,0.9773,0,0,-0.1812,0.0393,0.9827,0,1.5286,-6.8005,0,1]},
{"frame":26,"values":[0.9568,-0.2076,0.2034,0,0.212,0.9773,0,0,-0.1988,0.0431,0.9791,0,1.5286,-6.8005,0,1]},
{"frame":27,"values":[0.9559,-0.2074,0.2079,0,0.212,0.9773,0,0,-0.2032,0.0441,0.9781,0,1.5286,-6.8005,0,1]},
{"frame":41,"values":[0.9603,-0.2084,0.1855,0,0.212,0.9773,0,0,-0.1812,0.0393,0.9827,0,1.5286,-6.8005,0,1]},
{"frame":43,"values":[0.9625,-0.2088,0.1732,0,0.212,0.9773,0,0,-0.1692,0.0367,0.9849,0,1.5286,-6.8005,0,1]},
{"frame":44,"values":[0.9679,-0.21,0.1381,0,0.212,0.9773,0,0,-0.135,0.0293,0.9904,0,1.5286,-6.8005,0,1]},
{"frame":45,"values":[0.9727,-0.211,0.0968,0,0.212,0.9773,0,0,-0.0946,0.0205,0.9953,0,1.5286,-6.8005,0,1]},
{"frame":46,"values":[0.9758,-0.2117,0.0539,0,0.212,0.9773,0,0,-0.0526,0.0114,0.9985,0,1.5286,-6.8005,0,1]},
{"frame":47,"values":[0.9772,-0.212,0.0145,0,0.212,0.9773,0,0,-0.0142,0.0031,0.9999,0,1.5286,-6.8005,0,1]},
{"frame":48,"values":[0.977,-0.212,-0.0218,0,0.212,0.9773,0,0,0.0213,-0.0046,0.9998,0,1.5286,-6.8005,0,1]},
{"frame":49,"values":[0.9754,-0.2116,-0.0621,0,0.212,0.9773,0,0,0.0607,-0.0132,0.9981,0,1.5286,-6.8005,0,1]},
{"frame":50,"values":[0.9718,-0.2109,-0.1052,0,0.212,0.9773,0,0,0.1028,-0.0223,0.9944,0,1.5286,-6.8005,0,1]},
{"frame":51,"values":[0.9668,-0.2098,-0.1457,0,0.212,0.9773,0,0,0.1424,-0.0309,0.9893,0,1.5286,-6.8005,0,1]},
{"frame":52,"values":[0.9614,-0.2086,-0.1793,0,0.212,0.9773,0,0,0.1752,-0.038,0.9838,0,1.5286,-6.8005,0,1]},
{"frame":53,"values":[0.9571,-0.2077,-0.2019,0,0.212,0.9773,0,0,0.1973,-0.0428,0.9794,0,1.5286,-6.8005,0,1]},
{"frame":54,"values":[0.9562,-0.2075,-0.2064,0,0.212,0.9773,0,0,0.2017,-0.0438,0.9785,0,1.5286,-6.8005,0,1]},
{"frame":55,"values":[0.9588,-0.208,-0.1937,0,0.212,0.9773,0,0,0.1893,-0.0411,0.9811,0,1.5286,-6.8005,0,1]},
{"frame":56,"values":[0.9635,-0.2091,-0.167,0,0.212,0.9773,0,0,0.1632,-0.0354,0.986,0,1.5286,-6.8005,0,1]},
{"frame":57,"values":[0.9689,-0.2102,-0.1305,0,0.212,0.9773,0,0,0.1276,-0.0277,0.9914,0,1.5286,-6.8005,0,1]},
{"frame":58,"values":[0.9735,-0.2112,-0.0881,0,0.212,0.9773,0,0,0.0861,-0.0187,0.9961,0,1.5286,-6.8005,0,1]},
{"frame":59,"values":[0.9762,-0.2118,-0.0456,0,0.212,0.9773,0,0,0.0446,-0.0097,0.999,0,1.5286,-6.8005,0,1]},
{"frame":60,"values":[0.9772,-0.212,-0.0073,0,0.212,0.9773,0,0,0.0071,-0.0015,1,0,1.5286,-6.8005,0,1]},
{"frame":61,"values":[0.9768,-0.2119,0.029,0,0.212,0.9773,0,0,-0.0284,0.0062,0.9996,0,1.5286,-6.8005,0,1]},
{"frame":62,"values":[0.9748,-0.2115,0.0708,0,0.212,0.9773,0,0,-0.0692,0.015,0.9975,0,1.5286,-6.8005,0,1]},
{"frame":63,"values":[0.9709,-0.2107,0.1137,0,0.212,0.9773,0,0,-0.1111,0.0241,0.9935,0,1.5286,-6.8005,0,1]},
{"frame":64,"values":[0.9657,-0.2095,0.1533,0,0.212,0.9773,0,0,-0.1498,0.0325,0.9882,0,1.5286,-6.8005,0,1]},
{"frame":65,"values":[0.9603,-0.2084,0.1855,0,0.212,0.9773,0,0,-0.1812,0.0393,0.9827,0,1.5286,-6.8005,0,1]},
{"frame":66,"values":[0.9568,-0.2076,0.2034,0,0.212,0.9773,0,0,-0.1988,0.0431,0.9791,0,1.5286,-6.8005,0,1]},
{"frame":67,"values":[0.9559,-0.2074,0.2079,0,0.212,0.9773,0,0,-0.2032,0.0441,0.9781,0,1.5286,-6.8005,0,1]}],"loopBehavior":1,"name":"anim","property":"_matrix"}},
{"name":"bn_lower_scale02","index":10,"matrix":[0.9879,0,-0.1548,0,0,1,0,0,0.1548,0,0.9879,0,4.581,0,0,1],"rest":[1,0,0,0,0,1,0,0,0,0,1,0,4.581,0,0,1],"parentBoneIndex":9,"length":5.5264
,"animation":{"dataType":3,"framePerSecond":24,"keys":[
{"frame":1,"values":[0.9879,0,-0.1548,0,0,1,0,0,0.1548,0,0.9879,0,4.581,0,0,1]},
{"frame":3,"values":[0.9895,0,-0.1445,0,0,1,0,0,0.1445,0,0.9895,0,4.581,0,0,1]},
{"frame":4,"values":[0.9933,0,-0.1152,0,0,1,0,0,0.1152,0,0.9933,0,4.581,0,0,1]},
{"frame":5,"values":[0.9967,0,-0.0807,0,0,1,0,0,0.0807,0,0.9967,0,4.581,0,0,1]},
{"frame":6,"values":[0.999,0,-0.0449,0,0,1,0,0,0.0449,0,0.999,0,4.581,0,0,1]},
{"frame":7,"values":[0.9999,0,-0.0121,0,0,1,0,0,0.0121,0,0.9999,0,4.581,0,0,1]},
{"frame":8,"values":[0.9998,0,0.0182,0,0,1,0,0,-0.0182,0,0.9998,0,4.581,0,0,1]},
{"frame":9,"values":[0.9987,0,0.0518,0,0,1,0,0,-0.0518,0,0.9987,0,4.581,0,0,1]},
{"frame":10,"values":[0.9961,0,0.0877,0,0,1,0,0,-0.0877,0,0.9961,0,4.581,0,0,1]},
{"frame":11,"values":[0.9926,0,0.1216,0,0,1,0,0,-0.1216,0,0.9926,0,4.581,0,0,1]},
{"frame":12,"values":[0.9887,0,0.1497,0,0,1,0,0,-0.1497,0,0.9887,0,4.581,0,0,1]},
{"frame":13,"values":[0.9857,0,0.1686,0,0,1,0,0,-0.1686,0,0.9857,0,4.581,0,0,1]},
{"frame":14,"values":[0.985,0,0.1724,0,0,1,0,0,-0.1724,0,0.985,0,4.581,0,0,1]},
{"frame":15,"values":[0.9868,0,0.1617,0,0,1,0,0,-0.1617,0,0.9868,0,4.581,0,0,1]},
{"frame":16,"values":[0.9902,0,0.1394,0,0,1,0,0,-0.1394,0,0.9902,0,4.581,0,0,1]},
{"frame":17,"values":[0.9941,0,0.1089,0,0,1,0,0,-0.1089,0,0.9941,0,4.581,0,0,1]},
