{"producer":{"name":"Blender","version":"2.79 (sub 0)","exporter_version":"5.6.3","file":"Fish25.babylon"},
"autoClear":true,"clearColor":[0.0509,0.0509,0.0509],"ambientColor":[0,0,0],"gravity":[0,-9.81,0],
"materials":[{"name":"Fish25.pasted__ca_voi_sat_thu_texture","id":"Fish25.pasted__ca_voi_sat_thu_texture","ambient":[1,1,1],"diffuse":[0.8,0.8,0.8],"specular":[0.5,0.5,0.5],"emissive":[0,0,0],"specularPower":49,"alpha":1,"backFaceCulling":true,"checkReadyOnlyOnce":false,"maxSimultaneousLights":4, 
"diffuseTexture":{"name":"","level":1,"hasAlpha":1,"coordinatesMode":0,"uOffset":0,"vOffset":0,"uScale":1,"vScale":1,"uAng":0,"vAng":0,"wAng":0,"wrapU":1,"wrapV":1,"coordinatesIndex":0}}],
"multiMaterials":[],
"skeletons":[{"name":"Armature","id":0,"dimensionsAtRest":[360.3438,213.6056,216.2943],"bones":[
{"name":"be_Root01","index":0,"matrix":[1,0,0,0,0,1,0,0,0,0,-1,0,0,0,0,1],"rest":[1,0,0,0,0,1,0,0,0,0,-1,0,0,0,0,1],"parentBoneIndex":-1,"length":0.01
,"animation":{"dataType":3,"framePerSecond":30,"keys":[
{"frame":1,"values":[1,0,0,0,0,1,0,0,0,0,-1,0,0,0,0,1]},
{"frame":122,"values":[1,0,0,0,0,1,0,0,0,0,-1,0,0,0,0,1]},
{"frame":131,"values":[1,0,0,0,0,1,0,0,0,0,-1,0,0,0,0,1]},
{"frame":251,"values":[1,0,0,0,0,1,0,0,0,0,-1,0,0,0,0,1]}],"loopBehavior":1,"name":"anim","property":"_matrix"}},
{"name":"bn_tail01","index":1,"matrix":[-0.9996,0.0274,0,0,0.0274,0.9996,0,0,0,0,-1,0,0,0,0,1],"rest":[-1,0,0,0,0,1,0,0,0,0,-1,0,0,0,0,1],"parentBoneIndex":0,"length":78.8649
,"animation":{"dataType":3,"framePerSecond":30,"keys":[
{"frame":1,"values":[-0.9995,0.0318,0,0,0.0318,0.9995,0,0,0,0,-1,0,0,0,0,1]},
{"frame":2,"values":[-0.9996,0.0274,0,0,0.0274,0.9996,0,0,0,0,-1,0,0,0,0,1]},
{"frame":3,"values":[-0.9997,0.0224,0,0,0.0224,0.9997,0,0,0,0,-1,0,0,0,0,1]},
{"frame":4,"values":[-0.9999,0.0169,0,0,0.0169,0.9999,0,0,0,0,-1,0,0,0,0,1]},
{"frame":5,"values":[-0.9999,0.0109,0,0,0.0109,0.9999,0,0,0,0,-1,0,0,0,0,1]},
{"frame":6,"values":[-1,0.0047,0,0,0.0047,1,0,0,0,0,-1,0,0,0,0,1]},
{"frame":7,"values":[-1,-0.0017,0,0,-0.0017,1,0,0,0,0,-1,0,0,0,0,1]},
{"frame":8,"values":[-1,-0.008,0,0,-0.008,1,0,0,0,0,-1,0,0,0,0,1]},
{"frame":9,"values":[-0.9999,-0.0142,0,0,-0.0142,0.9999,0,0,0,0,-1,0,0,0,0,1]},
{"frame":10,"values":[-0.9998,-0.0199,0,0,-0.0199,0.9998,0,0,0,0,-1,0,0,0,0,1]},
{"frame":11,"values":[-0.9997,-0.0252,0,0,-0.0252,0.9997,0,0,0,0,-1,0,0,0,0,1]},
{"frame":12,"values":[-0.9996,-0.0299,0,0,-0.0299,0.9996,0,0,0,0,-1,0,0,0,0,1]},
{"frame":13,"values":[-0.9994,-0.0338,0,0,-0.0338,0.9994,0,0,0,0,-1,0,0,0,0,1]},
{"frame":14,"values":[-0.9993,-0.0369,0,0,-0.0369,0.9993,0,0,0,0,-1,0,0,0,0,1]},
{"frame":15,"values":[-0.9992,-0.039,0,0,-0.039,0.9992,0,0,0,0,-1,0,0,0,0,1]},
{"frame":16,"values":[-0.9992,-0.0402,0,0,-0.0402,0.9992,0,0,0,0,-1,0,0,0,0,1]},
{"frame":17,"values":[-0.9992,-0.0405,0,0,-0.0405,0.9992,0,0,0,0,-1,0,0,0,0,1]},
{"frame":18,"values":[-0.9992,-0.0397,0,0,-0.0397,0.9992,0,0,0,0,-1,0,0,0,0,1]},
{"frame":19,"values":[-0.9993,-0.038,0,0,-0.038,0.9993,0,0,0,0,-1,0,0,0,0,1]},
{"frame":20,"values":[-0.9994,-0.0353,0,0,-0.0353,0.9994,0,0,0,0,-1,0,0,0,0,1]},
{"frame":21,"values":[-0.9995,-0.0318,0,0,-0.0318,0.9995,0,0,0,0,-1,0,0,0,0,1]},
{"frame":22,"values":[-0.9996,-0.0274,0,0,-0.0274,0.9996,0,0,0,0,-1,0,0,0,0,1]},
{"frame":23,"values":[-0.9997,-0.0224,0,0,-0.0224,0.9997,0,0,0,0,-1,0,0,0,0,1]},
{"frame":24,"values":[-0.9999,-0.0169,0,0,-0.0169,0.9999,0,0,0,0,-1,0,0,0,0,1]},
{"frame":25,"values":[-0.9999,-0.0109,0,0,-0.0109,0.9999,0,0,0,0,-1,0,0,0,0,1]},
{"frame":26,"values":[-1,-0.0047,0,0,-0.0047,1,0,0,0,0,-1,0,0,0,0,1]},
{"frame":27,"values":[-1,0.0017,0,0,0.0017,1,0,0,0,0,-1,0,0,0,0,1]},
{"frame":28,"values":[-1,0.008,0,0,0.008,1,0,0,0,0,-1,0,0,0,0,1]},
{"frame":29,"values":[-0.9999,0.0142,0,0,0.0142,0.9999,0,0,0,0,-1,0,0,0,0,1]},
{"frame":30,"values":[-0.9998,0.0199,0,0,0.0199,0.9998,0,0,0,0,-1,0,0,0,0,1]},
{"frame":31,"values":[-0.9997,0.0252,0,0,0.0252,0.9997,0,0,0,0,-1,0,0,0,0,1]},
{"frame":32,"values":[-0.9996,0.0299,0,0,0.0299,0.9996,0,0,0,0,-1,0,0,0,0,1]},
{"frame":33,"values":[-0.9994,0.0338,0,0,0.0338,0.9994,0,0,0,0,-1,0,0,0,0,1]},
{"frame":34,"values":[-0.9993,0.0369,0,0,0.0369,0.9993,0,0,0,0,-1,0,0,0,0,1]},
{"frame":35,"values":[-0.9992,0.039,0,0,0.039,0.9992,0,0,0,0,-1,0,0,0,0,1]},
{"frame":36,"values":[-0.9992,0.0402,0,0,0.0402,0.9992,0,0,0,0,-1,0,0,0,0,1]},
{"frame":37,"values":[-0.9992,0.0405,0,0,0.0405,0.9992,0,0,0,0,-1,0,0,0,0,1]},
{"frame":38,"values":[-0.9992,0.0397,0,0,0.0397,0.9992,0,0,0,0,-1,0,0,0,0,1]},
{"frame":39,"values":[-0.9993,0.038,0,0,0.038,0.9993,0,0,0,0,-1,0,0,0,0,1]},
{"frame":40,"values":[-0.9994,0.0353,0,0,0.0353,0.9994,0,0,0,0,-1,0,0,0,0,1]},
{"frame":41,"values":[-0.9995,0.0318,0,0,0.0318,0.9995,0,0,0,0,-1,0,0,0,0,1]},
{"frame":42,"values":[-0.9996,0.0274,0,0,0.0274,0.9996,0,0,0,0,-1,0,0,0,0,1]},
{"frame":43,"values":[-0.9997,0.0224,0,0,0.0224,0.9997,0,0,0,0,-1,0,0,0,0,1]},
{"frame":44,"values":[-0.9999,0.0169,0,0,0.0169,0.9999,0,0,0,0,-1,0,0,0,0,1]},
{"frame":45,"values":[-0.9999,0.0109,0,0,0.0109,0.9999,0,0,0,0,-1,0,0,0,0,1]},
{"frame":46,"values":[-1,0.0047,0,0,0.0047,1,0,0,0,0,-1,0,0,0,0,1]},
{"frame":47,"values":[-1,-0.0017,0,0,-0.0017,1,0,0,0,0,-1,0,0,0,0,1]},
{"frame":48,"values":[-1,-0.008,0,0,-0.008,1,0,0,0,0,-1,0,0,0,0,1]},
{"frame":49,"values":[-0.9999,-0.0142,0,0,-0.0142,0.9999,0,0,0,0,-1,0,0,0,0,1]},
{"frame":50,"values":[-0.9998,-0.0199,0,0,-0.0199,0.9998,0,0,0,0,-1,0,0,0,0,1]},
{"frame":51,"values":[-0.9997,-0.0252,0,0,-0.0252,0.9997,0,0,0,0,-1,0,0,0,0,1]},
{"frame":52,"values":[-0.9996,-0.0299,0,0,-0.0299,0.9996,0,0,0,0,-1,0,0,0,0,1]},
{"frame":53,"values":[-0.9994,-0.0338,0,0,-0.0338,0.9994,0,0,0,0,-1,0,0,0,0,1]},
{"frame":54,"values":[-0.9993,-0.0369,0,0,-0.0369,0.9993,0,0,0,0,-1,0,0,0,0,1]},
{"frame":55,"values":[-0.9992,-0.039,0,0,-0.039,0.9992,0,0,0,0,-1,0,0,0,0,1]},
{"frame":56,"values":[-0.9992,-0.0402,0,0,-0.0402,0.9992,0,0,0,0,-1,0,0,0,0,1]},
{"frame":57,"values":[-0.9992,-0.0405,0,0,-0.0405,0.9992,0,0,0,0,-1,0,0,0,0,1]},
{"frame":58,"values":[-0.9992,-0.0397,0,0,-0.0397,0.9992,0,0,0,0,-1,0,0,0,0,1]},
{"frame":59,"values":[-0.9993,-0.038,0,0,-0.038,0.9993,0,0,0,0,-1,0,0,0,0,1]},
{"frame":60,"values":[-0.9994,-0.0353,0,0,-0.0353,0.9994,0,0,0,0,-1,0,0,0,0,1]},
{"frame":61,"values":[-0.9995,-0.0318,0,0,-0.0318,0.9995,0,0,0,0,-1,0,0,0,0,1]},
{"frame":62,"values":[-0.9996,-0.0274,0,0,-0.0274,0.9996,0,0,0,0,-1,0,0,0,0,1]},
{"frame":63,"values":[-0.9997,-0.0224,0,0,-0.0224,0.9997,0,0,0,0,-1,0,0,0,0,1]},
{"frame":64,"values":[-0.9999,-0.0169,0,0,-0.0169,0.9999,0,0,0,0,-1,0,0,0,0,1]},
{"frame":65,"values":[-0.9999,-0.0109,0,0,-0.0109,0.9999,0,0,0,0,-1,0,0,0,0,1]},
{"frame":66,"values":[-1,-0.0047,0,0,-0.0047,1,0,0,0,0,-1,0,0,0,0,1]},
{"frame":67,"values":[-1,0.0017,0,0,0.0017,1,0,0,0,0,-1,0,0,0,0,1]},
{"frame":68,"values":[-1,0.008,0,0,0.008,1,0,0,0,0,-1,0,0,0,0,1]},
{"frame":69,"values":[-0.9999,0.0142,0,0,0.0142,0.9999,0,0,0,0,-1,0,0,0,0,1]},
{"frame":70,"values":[-0.9998,0.0199,0,0,0.0199,0.9998,0,0,0,0,-1,0,0,0,0,1]},
{"frame":71,"values":[-0.9997,0.0252,0,0,0.0252,0.9997,0,0,0,0,-1,0,0,0,0,1]},
{"frame":72,"values":[-0.9996,0.0299,0,0,0.0299,0.9996,0,0,0,0,-1,0,0,0,0,1]},
{"frame":73,"values":[-0.9994,0.0338,0,0,0.0338,0.9994,0,0,0,0,-1,0,0,0,0,1]},
{"frame":74,"values":[-0.9993,0.0369,0,0,0.0369,0.9993,0,0,0,0,-1,0,0,0,0,1]},
{"frame":75,"values":[-0.9992,0.039,0,0,0.039,0.9992,0,0,0,0,-1,0,0,0,0,1]},
{"frame":76,"values":[-0.9992,0.0402,0,0,0.0402,0.9992,0,0,0,0,-1,0,0,0,0,1]},
{"frame":77,"values":[-0.9992,0.0405,0,0,0.0405,0.9992,0,0,0,0,-1,0,0,0,0,1]},
{"frame":78,"values":[-0.9992,0.0397,0,0,0.0397,0.9992,0,0,0,0,-1,0,0,0,0,1]},
{"frame":79,"values":[-0.9993,0.038,0,0,0.038,0.9993,0,0,0,0,-1,0,0,0,0,1]},
{"frame":80,"values":[-0.9994,0.0353,0,0,0.0353,0.9994,0,0,0,0,-1,0,0,0,0,1]},
{"frame":81,"values":[-0.9995,0.0318,0,0,0.0318,0.9995,0,0,0,0,-1,0,0,0,0,1]},
{"frame":82,"values":[-0.9996,0.0274,0,0,0.0274,0.9996,0,0,0,0,-1,0,0,0,0,1]},
{"frame":83,"values":[-0.9997,0.0224,0,0,0.0224,0.9997,0,0,0,0,-1,0,0,0,0,1]},
{"frame":84,"values":[-0.9999,0.0169,0,0,0.0169,0.9999,0,0,0,0,-1,0,0,0,0,1]},
{"frame":85,"values":[-0.9999,0.0109,0,0,0.0109,0.9999,0,0,0,0,-1,0,0,0,0,1]},
{"frame":86,"values":[-1,0.0047,0,0,0.0047,1,0,0,0,0,-1,0,0,0,0,1]},
{"frame":87,"values":[-1,-0.0017,0,0,-0.0017,1,0,0,0,0,-1,0,0,0,0,1]},
{"frame":88,"values":[-1,-0.008,0,0,-0.008,1,0,0,0,0,-1,0,0,0,0,1]},
{"frame":89,"values":[-0.9999,-0.0142,0,0,-0.0142,0.9999,0,0,0,0,-1,0,0,0,0,1]},
{"frame":90,"values":[-0.9998,-0.0199,0,0,-0.0199,0.9998,0,0,0,0,-1,0,0,0,0,1]},
{"frame":91,"values":[-0.9997,-0.0252,0,0,-0.0252,0.9997,0,0,0,0,-1,0,0,0,0,1]},
{"frame":92,"values":[-0.9996,-0.0299,0,0,-0.0299,0.9996,0,0,0,0,-1,0,0,0,0,1]},
{"frame":93,"values":[-0.9994,-0.0338,0,0,-0.0338,0.9994,0,0,0,0,-1,0,0,0,0,1]},
{"frame":94,"values":[-0.9993,-0.0369,0,0,-0.0369,0.9993,0,0,0,0,-1,0,0,0,0,1]},
{"frame":95,"values":[-0.9992,-0.039,0,0,-0.039,0.9992,0,0,0,0,-1,0,0,0,0,1]},
{"frame":96,"values":[-0.9992,-0.0402,0,0,-0.0402,0.9992,0,0,0,0,-1,0,0,0,0,1]},
{"frame":97,"values":[-0.9992,-0.0405,0,0,-0.0405,0.9992,0,0,0,0,-1,0,0,0,0,1]},
{"frame":98,"values":[-0.9992,-0.0397,0,0,-0.0397,0.9992,0,0,0,0,-1,0,0,0,0,1]},
{"frame":99,"values":[-0.9993,-0.038,0,0,-0.038,0.9993,0,0,0,0,-1,0,0,0,0,1]},
{"frame":100,"values":[-0.9994,-0.0353,0,0,-0.0353,0.9994,0,0,0,0,-1,0,0,0,0,1]},
{"frame":101,"values":[-0.9995,-0.0318,0,0,-0.0318,0.9995,0,0,0,0,-1,0,0,0,0,1]},
{"frame":102,"values":[-0.9996,-0.0274,0,0,-0.0274,0.9996,0,0,0,0,-1,0,0,0,0,1]},
{"frame":103,"values":[-0.9997,-0.0224,0,0,-0.0224,0.9997,0,0,0,0,-1,0,0,0,0,1]},
{"frame":104,"values":[-0.9999,-0.0169,0,0,-0.0169,0.9999,0,0,0,0,-1,0,0,0,0,1]},
{"frame":105,"values":[-0.9999,-0.0109,0,0,-0.0109,0.9999,0,0,0,0,-1,0,0,0,0,1]},
{"frame":106,"values":[-1,-0.0047,0,0,-0.0047,1,0,0,0,0,-1,0,0,0,0,1]},
{"frame":107,"values":[-1,0.0017,0,0,0.0017,1,0,0,0,0,-1,0,0,0,0,1]},
{"frame":108,"values":[-1,0.008,0,0,0.008,1,0,0,0,0,-1,0,0,0,0,1]},
{"frame":109,"values":[-0.9999,0.0142,0,0,0.0142,0.9999,0,0,0,0,-1,0,0,0,0,1]},
{"frame":110,"values":[-0.9998,0.0199,0,0,0.0199,0.9998,0,0,0,0,-1,0,0,0,0,1]},
{"frame":111,"values":[-0.9997,0.0252,0,0,0.0252,0.9997,0,0,0,0,-1,0,0,0,0,1]},
{"frame":112,"values":[-0.9996,0.0299,0,0,0.0299,0.9996,0,0,0,0,-1,0,0,0,0,1]},
{"frame":113,"values":[-0.9994,0.0338,0,0,0.0338,0.9994,0,0,0,0,-1,0,0,0,0,1]},
{"frame":114,"values":[-0.9993,0.0369,0,0,0.0369,0.9993,0,0,0,0,-1,0,0,0,0,1]},
{"frame":115,"values":[-0.9992,0.039,0,0,0.039,0.9992,0,0,0,0,-1,0,0,0,0,1]},
{"frame":116,"values":[-0.9992,0.0402,0,0,0.0402,0.9992,0,0,0,0,-1,0,0,0,0,1]},
{"frame":117,"values":[-0.9992,0.0405,0,0,0.0405,0.9992,0,0,0,0,-1,0,0,0,0,1]},
{"frame":118,"values":[-0.9992,0.0397,0,0,0.0397,0.9992,0,0,0,0,-1,0,0,0,0,1]},
{"frame":119,"values":[-0.9993,0.038,0,0,0.038,0.9993,0,0,0,0,-1,0,0,0,0,1]},
{"frame":120,"values":[-0.9994,0.0353,0,0,0.0353,0.9994,0,0,0,0,-1,0,0,0,0,1]},
{"frame":121,"values":[-0.9995,0.0318,0,0,0.0318,0.9995,0,0,0,0,-1,0,0,0,0,1]},
{"frame":122,"values":[-0.9995,0.0318,0,0,0.0318,0.9995,0,0,0,0,-1,0,0,0,0,1]},
{"frame":131,"values":[-0.9995,0.0318,0,0,0.0318,0.9995,0,0,0,0,-1,0,0,0,0,1]},
{"frame":132,"values":[-0.9996,0.0274,0,0,0.0274,0.9996,0,0,0,0,-1,0,0,0,0,1]},
{"frame":133,"values":[-0.9997,0.0224,0,0,0.0224,0.9997,0,0,0,0,-1,0,0,0,0,1]},
{"frame":134,"values":[-0.9999,0.0169,0,0,0.0169,0.9999,0,0,0,0,-1,0,0,0,0,1]},
{"frame":135,"values":[-0.9999,0.0109,0,0,0.0109,0.9999,0,0,0,0,-1,0,0,0,0,1]},
{"frame":136,"values":[-1,0.0047,0,0,0.0047,1,0,0,0,0,-1,0,0,0,0,1]},
{"frame":137,"values":[-1,-0.0017,0,0,-0.0017,1,0,0,0,0,-1,0,0,0,0,1]},
{"frame":138,"values":[-1,-0.008,0,0,-0.008,1,0,0,0,0,-1,0,0,0,0,1]},
{"frame":139,"values":[-0.9999,-0.0142,0,0,-0.0142,0.9999,0,0,0,0,-1,0,0,0,0,1]},
{"frame":140,"values":[-0.9998,-0.0199,0,0,-0.0199,0.9998,0,0,0,0,-1,0,0,0,0,1]},
{"frame":141,"values":[-0.9997,-0.0252,0,0,-0.0252,0.9997,0,0,0,0,-1,0,0,0,0,1]},
{"frame":142,"values":[-0.9996,-0.0299,0,0,-0.0299,0.9996,0,0,0,0,-1,0,0,0,0,1]},
{"frame":143,"values":[-0.9994,-0.0338,0,0,-0.0338,0.9994,0,0,0,0,-1,0,0,0,0,1]},
{"frame":144,"values":[-0.9993,-0.0369,0,0,-0.0369,0.9993,0,0,0,0,-1,0,0,0,0,1]},
{"frame":145,"values":[-0.9992,-0.039,0,0,-0.039,0.9992,0,0,0,0,-1,0,0,0,0,1]},
{"frame":146,"values":[-0.9992,-0.0402,0,0,-0.0402,0.9992,0,0,0,0,-1,0,0,0,0,1]},
{"frame":147,"values":[-0.9992,-0.0405,0,0,-0.0405,0.9992,0,0,0,0,-1,0,0,0,0,1]},
{"frame":148,"values":[-0.9992,-0.0397,0,0,-0.0397,0.9992,0,0,0,0,-1,0,0,0,0,1]},
{"frame":149,"values":[-0.9993,-0.038,0,0,-0.038,0.9993,0,0,0,0,-1,0,0,0,0,1]},
{"frame":150,"values":[-0.9994,-0.0353,0,0,-0.0353,0.9994,0,0,0,0,-1,0,0,0,0,1]},
{"frame":151,"values":[-0.9995,-0.0318,0,0,-0.0318,0.9995,0,0,0,0,-1,0,0,0,0,1]},
{"frame":152,"values":[-0.9996,-0.0274,0,0,-0.0274,0.9996,0,0,0,0,-1,0,0,0,0,1]},
{"frame":153,"values":[-0.9997,-0.0224,0,0,-0.0224,0.9997,0,0,0,0,-1,0,0,0,0,1]},
{"frame":154,"values":[-0.9999,-0.0169,0,0,-0.0169,0.9999,0,0,0,0,-1,0,0,0,0,1]},
{"frame":155,"values":[-0.9999,-0.0109,0,0,-0.0109,0.9999,0,0,0,0,-1,0,0,0,0,1]},
{"frame":156,"values":[-1,-0.0047,0,0,-0.0047,1,0,0,0,0,-1,0,0,0,0,1]},
{"frame":157,"values":[-1,0.0017,0,0,0.0017,1,0,0,0,0,-1,0,0,0,0,1]},
{"frame":158,"values":[-1,0.008,0,0,0.008,1,0,0,0,0,-1,0,0,0,0,1]},
{"frame":159,"values":[-0.9999,0.0142,0,0,0.0142,0.9999,0,0,0,0,-1,0,0,0,0,1]},
{"frame":160,"values":[-0.9998,0.0199,0,0,0.0199,0.9998,0,0,0,0,-1,0,0,0,0,1]},
{"frame":161,"values":[-0.9997,0.0252,0,0,0.0252,0.9997,0,0,0,0,-1,0,0,0,0,1]},
{"frame":162,"values":[-0.9996,0.0299,0,0,0.0299,0.9996,0,0,0,0,-1,0,0,0,0,1]},
{"frame":163,"values":[-0.9994,0.0338,0,0,0.0338,0.9994,0,0,0,0,-1,0,0,0,0,1]},
{"frame":164,"values":[-0.9993,0.0369,0,0,0.0369,0.9993,0,0,0,0,-1,0,0,0,0,1]},
{"frame":165,"values":[-0.9992,0.039,0,0,0.039,0.9992,0,0,0,0,-1,0,0,0,0,1]},
{"frame":166,"values":[-0.9992,0.0402,0,0,0.0402,0.9992,0,0,0,0,-1,0,0,0,0,1]},
{"frame":167,"values":[-0.9992,0.0405,0,0,0.0405,0.9992,0,0,0,0,-1,0,0,0,0,1]},
{"frame":168,"values":[-0.9992,0.0397,0,0,0.0397,0.9992,0,0,0,0,-1,0,0,0,0,1]},
{"frame":169,"values":[-0.9993,0.038,0,0,0.038,0.9993,0,0,0,0,-1,0,0,0,0,1]},
{"frame":170,"values":[-0.9994,0.0353,0,0,0.0353,0.9994,0,0,0,0,-1,0,0,0,0,1]},
{"frame":171,"values":[-0.9995,0.0318,0,0,0.0318,0.9995,0,0,0,0,-1,0,0,0,0,1]},
{"frame":172,"values":[-0.9996,0.0274,0,0,0.0274,0.9996,0,0,0,0,-1,0,0,0,0,1]},
{"frame":173,"values":[-0.9997,0.0224,0,0,0.0224,0.9997,0,0,0,0,-1,0,0,0,0,1]},
{"frame":174,"values":[-0.9999,0.0169,0,0,0.0169,0.9999,0,0,0,0,-1,0,0,0,0,1]},
{"frame":175,"values":[-0.9999,0.0109,0,0,0.0109,0.9999,0,0,0,0,-1,0,0,0,0,1]},
{"frame":176,"values":[-1,0.0047,0,0,0.0047,1,0,0,0,0,-1,0,0,0,0,1]},
{"frame":177,"values":[-1,-0.0017,0,0,-0.0017,1,0,0,0,0,-1,0,0,0,0,1]},
{"frame":178,"values":[-1,-0.008,0,0,-0.008,1,0,0,0,0,-1,0,0,0,0,1]},
{"frame":179,"values":[-0.9999,-0.0142,0,0,-0.0142,0.9999,0,0,0,0,-1,0,0,0,0,1]},
{"frame":180,"values":[-0.9998,-0.0199,0,0,-0.0199,0.9998,0,0,0,0,-1,0,0,0,0,1]},
{"frame":181,"values":[-0.9997,-0.0252,0,0,-0.0252,0.9997,0,0,0,0,-1,0,0,0,0,1]},
{"frame":182,"values":[-0.9996,-0.0299,0,0,-0.0299,0.9996,0,0,0,0,-1,0,0,0,0,1]},
{"frame":183,"values":[-0.9994,-0.0338,0,0,-0.0338,0.9994,0,0,0,0,-1,0,0,0,0,1]},
{"frame":184,"values":[-0.9993,-0.0369,0,0,-0.0369,0.9993,0,0,0,0,-1,0,0,0,0,1]},
{"frame":185,"values":[-0.9992,-0.039,0,0,-0.039,0.9992,0,0,0,0,-1,0,0,0,0,1]},
{"frame":186,"values":[-0.9992,-0.0402,0,0,-0.0402,0.9992,0,0,0,0,-1,0,0,0,0,1]},
{"frame":187,"values":[-0.9992,-0.0405,0,0,-0.0405,0.9992,0,0,0,0,-1,0,0,0,0,1]},
{"frame":188,"values":[-0.9992,-0.0397,0,0,-0.0397,0.9992,0,0,0,0,-1,0,0,0,0,1]},
{"frame":189,"values":[-0.9993,-0.038,0,0,-0.038,0.9993,0,0,0,0,-1,0,0,0,0,1]},
{"frame":190,"values":[-0.9994,-0.0353,0,0,-0.0353,0.9994,0,0,0,0,-1,0,0,0,0,1]},
{"frame":191,"values":[-0.9995,-0.0318,0,0,-0.0318,0.9995,0,0,0,0,-1,0,0,0,0,1]},
{"frame":192,"values":[-0.9996,-0.0274,0,0,-0.0274,0.9996,0,0,0,0,-1,0,0,0,0,1]},
{"frame":193,"values":[-0.9997,-0.0224,0,0,-0.0224,0.9997,0,0,0,0,-1,0,0,0,0,1]},
{"frame":194,"values":[-0.9999,-0.0169,0,0,-0.0169,0.9999,0,0,0,0,-1,0,0,0,0,1]},
{"frame":195,"values":[-0.9999,-0.0109,0,0,-0.0109,0.9999,0,0,0,0,-1,0,0,0,0,1]},
{"frame":196,"values":[-1,-0.0047,0,0,-0.0047,1,0,0,0,0,-1,0,0,0,0,1]},
{"frame":197,"values":[-1,0.0017,0,0,0.0017,1,0,0,0,0,-1,0,0,0,0,1]},
{"frame":198,"values":[-1,0.008,0,0,0.008,1,0,0,0,0,-1,0,0,0,0,1]},
{"frame":199,"values":[-0.9999,0.0142,0,0,0.0142,0.9999,0,0,0,0,-1,0,0,0,0,1]},
{"frame":200,"values":[-0.9998,0.0199,0,0,0.0199,0.9998,0,0,0,0,-1,0,0,0,0,1]},
{"frame":201,"values":[-0.9997,0.0252,0,0,0.0252,0.9997,0,0,0,0,-1,0,0,0,0,1]},
{"frame":202,"values":[-0.9996,0.0299,0,0,0.0299,0.9996,0,0,0,0,-1,0,0,0,0,1]},
{"frame":203,"values":[-0.9994,0.0338,0,0,0.0338,0.9994,0,0,0,0,-1,0,0,0,0,1]},
{"frame":204,"values":[-0.9993,0.0369,0,0,0.0369,0.9993,0,0,0,0,-1,0,0,0,0,1]},
{"frame":205,"values":[-0.9992,0.039,0,0,0.039,0.9992,0,0,0,0,-1,0,0,0,0,1]},
{"frame":206,"values":[-0.9992,0.0402,0,0,0.0402,0.9992,0,0,0,0,-1,0,0,0,0,1]},
{"frame":207,"values":[-0.9992,0.0405,0,0,0.0405,0.9992,0,0,0,0,-1,0,0,0,0,1]},
{"frame":208,"values":[-0.9992,0.0397,0,0,0.0397,0.9992,0,0,0,0,-1,0,0,0,0,1]},
{"frame":209,"values":[-0.9993,0.038,0,0,0.038,0.9993,0,0,0,0,-1,0,0,0,0,1]},
{"frame":210,"values":[-0.9994,0.0353,0,0,0.0353,0.9994,0,0,0,0,-1,0,0,0,0,1]},
{"frame":211,"values":[-0.9995,0.0318,0,0,0.0318,0.9995,0,0,0,0,-1,0,0,0,0,1]},
{"frame":212,"values":[-0.9996,0.0274,0,0,0.0274,0.9996,0,0,0,0,-1,0,0,0,0,1]},
{"frame":213,"values":[-0.9997,0.0224,0,0,0.0224,0.9997,0,0,0,0,-1,0,0,0,0,1]},
{"frame":214,"values":[-0.9999,0.0169,0,0,0.0169,0.9999,0,0,0,0,-1,0,0,0,0,1]},
{"frame":215,"values":[-0.9999,0.0109,0,0,0.0109,0.9999,0,0,0,0,-1,0,0,0,0,1]},
{"frame":216,"values":[-1,0.0047,0,0,0.0047,1,0,0,0,0,-1,0,0,0,0,1]},
{"frame":217,"values":[-1,-0.0017,0,0,-0.0017,1,0,0,0,0,-1,0,0,0,0,1]},
{"frame":218,"values":[-1,-0.008,0,0,-0.008,1,0,0,0,0,-1,0,0,0,0,1]},
{"frame":219,"values":[-0.9999,-0.0142,0,0,-0.0142,0.9999,0,0,0,0,-1,0,0,0,0,1]},
{"frame":220,"values":[-0.9998,-0.0199,0,0,-0.0199,0.9998,0,0,0,0,-1,0,0,0,0,1]},
{"frame":221,"values":[-0.9997,-0.0252,0,0,-0.0252,0.9997,0,0,0,0,-1,0,0,0,0,1]},
{"frame":222,"values":[-0.9996,-0.0299,0,0,-0.0299,0.9996,0,0,0,0,-1,0,0,0,0,1]},
{"frame":223,"values":[-0.9994,-0.0338,0,0,-0.0338,0.9994,0,0,0,0,-1,0,0,0,0,1]},
{"frame":224,"values":[-0.9993,-0.0369,0,0,-0.0369,0.9993,0,0,0,0,-1,0,0,0,0,1]},
{"frame":225,"values":[-0.9992,-0.039,0,0,-0.039,0.9992,0,0,0,0,-1,0,0,0,0,1]},
{"frame":226,"values":[-0.9992,-0.0402,0,0,-0.0402,0.9992,0,0,0,0,-1,0,0,0,0,1]},
{"frame":227,"values":[-0.9992,-0.0405,0,0,-0.0405,0.9992,0,0,0,0,-1,0,0,0,0,1]},
{"frame":228,"values":[-0.9992,-0.0397,0,0,-0.0397,0.9992,0,0,0,0,-1,0,0,0,0,1]},
{"frame":229,"values":[-0.9993,-0.038,0,0,-0.038,0.9993,0,0,0,0,-1,0,0,0,0,1]},
{"frame":230,"values":[-0.9994,-0.0353,0,0,-0.0353,0.9994,0,0,0,0,-1,0,0,0,0,1]},
{"frame":231,"values":[-0.9995,-0.0318,0,0,-0.0318,0.9995,0,0,0,0,-1,0,0,0,0,1]},
{"frame":232,"values":[-0.9996,-0.0274,0,0,-0.0274,0.9996,0,0,0,0,-1,0,0,0,0,1]},
{"frame":233,"values":[-0.9997,-0.0224,0,0,-0.0224,0.9997,0,0,0,0,-1,0,0,0,0,1]},
{"frame":234,"values":[-0.9999,-0.0169,0,0,-0.0169,0.9999,0,0,0,0,-1,0,0,0,0,1]},
{"frame":235,"values":[-0.9999,-0.0109,0,0,-0.0109,0.9999,0,0,0,0,-1,0,0,0,0,1]},
{"frame":236,"values":[-1,-0.0047,0,0,-0.0047,1,0,0,0,0,-1,0,0,0,0,1]},
{"frame":237,"values":[-1,0.0017,0,0,0.0017,1,0,0,0,0,-1,0,0,0,0,1]},
{"frame":238,"values":[-1,0.008,0,0,0.008,1,0,0,0,0,-1,0,0,0,0,1]},
{"frame":239,"values":[-0.9999,0.0142,0,0,0.0142,0.9999,0,0,0,0,-1,0,0,0,0,1]},
{"frame":240,"values":[-0.9998,0.0199,0,0,0.0199,0.9998,0,0,0,0,-1,0,0,0,0,1]},
{"frame":241,"values":[-0.9997,0.0252,0,0,0.0252,0.9997,0,0,0,0,-1,0,0,0,0,1]},
{"frame":242,"values":[-0.9996,0.0299,0,0,0.0299,0.9996,0,0,0,0,-1,0,0,0,0,1]},
{"frame":243,"values":[-0.9994,0.0338,0,0,0.0338,0.9994,0,0,0,0,-1,0,0,0,0,1]},
{"frame":244,"values":[-0.9993,0.0369,0,0,0.0369,0.9993,0,0,0,0,-1,0,0,0,0,1]},
{"frame":245,"values":[-0.9992,0.039,0,0,0.039,0.9992,0,0,0,0,-1,0,0,0,0,1]},
{"frame":246,"values":[-0.9992,0.0402,0,0,0.0402,0.9992,0,0,0,0,-1,0,0,0,0,1]},
{"frame":247,"values":[-0.9992,0.0405,0,0,0.0405,0.9992,0,0,0,0,-1,0,0,0,0,1]},
{"frame":248,"values":[-0.9992,0.0397,0,0,0.0397,0.9992,0,0,0,0,-1,0,0,0,0,1]},
{"frame":249,"values":[-0.9993,0.038,0,0,0.038,0.9993,0,0,0,0,-1,0,0,0,0,1]},
{"frame":250,"values":[-0.9994,0.0353,0,0,0.0353,0.9994,0,0,0,0,-1,0,0,0,0,1]},
{"frame":251,"values":[-0.9995,0.0318,0,0,0.0318,0.9995,0,0,0,0,-1,0,0,0,0,1]}],"loopBehavior":1,"name":"anim","property":"_matrix"}},
{"name":"bn_tail02","index":2,"matrix":[0.9902,0.1393,0,0,-0.1393,0.9902,0,0,0,0,1,0,63,0,0,1],"rest":[1,0,0,0,0,1,0,0,0,0,1,0,63,0,0,1],"parentBoneIndex":1,"length":58
,"animation":{"dataType":3,"framePerSecond":30,"keys":[
{"frame":1,"values":[0.9891,0.1474,0,0,-0.1474,0.9891,0,0,0,0,1,0,63,0,0,1]},
{"frame":2,"values":[0.9902,0.1393,0,0,-0.1393,0.9902,0,0,0,0,1,0,63,0,0,1]},
{"frame":3,"values":[0.9918,0.1279,0,0,-0.1279,0.9918,0,0,0,0,1,0,63,0,0,1]},
{"frame":4,"values":[0.9936,0.1133,0,0,-0.1133,0.9936,0,0,0,0,1,0,63,0,0,1]},
{"frame":5,"values":[0.9954,0.096,0,0,-0.096,0.9954,0,0,0,0,1,0,63,0,0,1]},
{"frame":6,"values":[0.9971,0.0761,0,0,-0.0761,0.9971,0,0,0,0,1,0,63,0,0,1]},
{"frame":7,"values":[0.9985,0.0541,0,0,-0.0541,0.9985,0,0,0,0,1,0,63,0,0,1]},
{"frame":8,"values":[0.9995,0.0306,0,0,-0.0306,0.9995,0,0,0,0,1,0,63,0,0,1]},
{"frame":9,"values":[1,0.0062,0,0,-0.0062,1,0,0,0,0,1,0,63,0,0,1]},
{"frame":10,"values":[0.9998,-0.0185,0,0,0.0185,0.9998,0,0,0,0,1,0,63,0,0,1]},
{"frame":11,"values":[0.9991,-0.0428,0,0,0.0428,0.9991,0,0,0,0,1,0,63,0,0,1]},
{"frame":12,"values":[0.9978,-0.0659,0,0,0.0659,0.9978,0,0,0,0,1,0,63,0,0,1]},
{"frame":13,"values":[0.9962,-0.0872,0,0,0.0872,0.9962,0,0,0,0,1,0,63,0,0,1]},
{"frame":14,"values":[0.9944,-0.1061,0,0,0.1061,0.9944,0,0,0,0,1,0,63,0,0,1]},
{"frame":15,"values":[0.9925,-0.1222,0,0,0.1222,0.9925,0,0,0,0,1,0,63,0,0,1]},
{"frame":16,"values":[0.9908,-0.1352,0,0,0.1352,0.9908,0,0,0,0,1,0,63,0,0,1]},
{"frame":17,"values":[0.9895,-0.1447,0,0,0.1447,0.9895,0,0,0,0,1,0,63,0,0,1]},
{"frame":18,"values":[0.9886,-0.1508,0,0,0.1508,0.9886,0,0,0,0,1,0,63,0,0,1]},
{"frame":19,"values":[0.9882,-0.1532,0,0,0.1532,0.9882,0,0,0,0,1,0,63,0,0,1]},
{"frame":20,"values":[0.9884,-0.1521,0,0,0.1521,0.9884,0,0,0,0,1,0,63,0,0,1]},
{"frame":21,"values":[0.9891,-0.1474,0,0,0.1474,0.9891,0,0,0,0,1,0,63,0,0,1]},
{"frame":22,"values":[0.9902,-0.1393,0,0,0.1393,0.9902,0,0,0,0,1,0,63,0,0,1]},
{"frame":23,"values":[0.9918,-0.1279,0,0,0.1279,0.9918,0,0,0,0,1,0,63,0,0,1]},
{"frame":24,"values":[0.9936,-0.1133,0,0,0.1133,0.9936,0,0,0,0,1,0,63,0,0,1]},
{"frame":25,"values":[0.9954,-0.096,0,0,0.096,0.9954,0,0,0,0,1,0,63,0,0,1]},
{"frame":26,"values":[0.9971,-0.0761,0,0,0.0761,0.9971,0,0,0,0,1,0,63,0,0,1]},
{"frame":27,"values":[0.9985,-0.0541,0,0,0.0541,0.9985,0,0,0,0,1,0,63,0,0,1]},
{"frame":28,"values":[0.9995,-0.0306,0,0,0.0306,0.9995,0,0,0,0,1,0,63,0,0,1]},
{"frame":29,"values":[1,-0.0062,0,0,0.0062,1,0,0,0,0,1,0,63,0,0,1]},
{"frame":30,"values":[0.9998,0.0185,0,0,-0.0185,0.9998,0,0,0,0,1,0,63,0,0,1]},
{"frame":31,"values":[0.9991,0.0428,0,0,-0.0428,0.9991,0,0,0,0,1,0,63,0,0,1]},
{"frame":32,"values":[0.9978,0.0659,0,0,-0.0659,0.9978,0,0,0,0,1,0,63,0,0,1]},
{"frame":33,"values":[0.9962,0.0872,0,0,-0.0872,0.9962,0,0,0,0,1,0,63,0,0,1]},
{"frame":34,"values":[0.9944,0.1061,0,0,-0.1061,0.9944,0,0,0,0,1,0,63,0,0,1]},
{"frame":35,"values":[0.9925,0.1222,0,0,-0.1222,0.9925,0,0,0,0,1,0,63,0,0,1]},
{"frame":36,"values":[0.9908,0.1352,0,0,-0.1352,0.9908,0,0,0,0,1,0,63,0,0,1]},
{"frame":37,"values":[0.9895,0.1447,0,0,-0.1447,0.9895,0,0,0,0,1,0,63,0,0,1]},
{"frame":38,"values":[0.9886,0.1508,0,0,-0.1508,0.9886,0,0,0,0,1,0,63,0,0,1]},
{"frame":39,"values":[0.9882,0.1532,0,0,-0.1532,0.9882,0,0,0,0,1,0,63,0,0,1]},
{"frame":40,"values":[0.9884,0.1521,0,0,-0.1521,0.9884,0,0,0,0,1,0,63,0,0,1]},
{"frame":41,"values":[0.9891,0.1474,0,0,-0.1474,0.9891,0,0,0,0,1,0,63,0,0,1]},
{"frame":42,"values":[0.9902,0.1393,0,0,-0.1393,0.9902,0,0,0,0,1,0,63,0,0,1]},
{"frame":43,"values":[0.9918,0.1279,0,0,-0.1279,0.9918,0,0,0,0,1,0,63,0,0,1]},
{"frame":44,"values":[0.9936,0.1133,0,0,-0.1133,0.9936,0,0,0,0,1,0,63,0,0,1]},
{"frame":45,"values":[0.9954,0.096,0,0,-0.096,0.9954,0,0,0,0,1,0,63,0,0,1]},
{"frame":46,"values":[0.9971,0.0761,0,0,-0.0761,0.9971,0,0,0,0,1,0,63,0,0,1]},
{"frame":47,"values":[0.9985,0.0541,0,0,-0.0541,0.9985,0,0,0,0,1,0,63,0,0,1]},
{"frame":48,"values":[0.9995,0.0306,0,0,-0.0306,0.9995,0,0,0,0,1,0,63,0,0,1]},
{"frame":49,"values":[1,0.0062,0,0,-0.0062,1,0,0,0,0,1,0,63,0,0,1]},
{"frame":50,"values":[0.9998,-0.0185,0,0,0.0185,0.9998,0,0,0,0,1,0,63,0,0,1]},
{"frame":51,"values":[0.9991,-0.0428,0,0,0.0428,0.9991,0,0,0,0,1,0,63,0,0,1]},
{"frame":52,"values":[0.9978,-0.0659,0,0,0.0659,0.9978,0,0,0,0,1,0,63,0,0,1]},
{"frame":53,"values":[0.9962,-0.0872,0,0,0.0872,0.9962,0,0,0,0,1,0,63,0,0,1]},
{"frame":54,"values":[0.9944,-0.1061,0,0,0.1061,0.9944,0,0,0,0,1,0,63,0,0,1]},
{"frame":55,"values":[0.9925,-0.1222,0,0,0.1222,0.9925,0,0,0,0,1,0,63,0,0,1]},
{"frame":56,"values":[0.9908,-0.1352,0,0,0.1352,0.9908,0,0,0,0,1,0,63,0,0,1]},
{"frame":57,"values":[0.9895,-0.1447,0,0,0.1447,0.9895,0,0,0,0,1,0,63,0,0,1]},
{"frame":58,"values":[0.9886,-0.1508,0,0,0.1508,0.9886,0,0,0,0,1,0,63,0,0,1]},
{"frame":59,"values":[0.9882,-0.1532,0,0,0.1532,0.9882,0,0,0,0,1,0,63,0,0,1]},
{"frame":60,"values":[0.9884,-0.1521,0,0,0.1521,0.9884,0,0,0,0,1,0,63,0,0,1]},
{"frame":61,"values":[0.9891,-0.1474,0,0,0.1474,0.9891,0,0,0,0,1,0,63,0,0,1]},
{"frame":62,"values":[0.9902,-0.1393,0,0,0.1393,0.9902,0,0,0,0,1,0,63,0,0,1]},
{"frame":63,"values":[0.9918,-0.1279,0,0,0.1279,0.9918,0,0,0,0,1,0,63,0,0,1]},
{"frame":64,"values":[0.9936,-0.1133,0,0,0.1133,0.9936,0,0,0,0,1,0,63,0,0,1]},
{"frame":65,"values":[0.9954,-0.096,0,0,0.096,0.9954,0,0,0,0,1,0,63,0,0,1]},
{"frame":66,"values":[0.9971,-0.0761,0,0,0.0761,0.9971,0,0,0,0,1,0,63,0,0,1]},
{"frame":67,"values":[0.9985,-0.0541,0,0,0.0541,0.9985,0,0,0,0,1,0,63,0,0,1]},
{"frame":68,"values":[0.9995,-0.0306,0,0,0.0306,0.9995,0,0,0,0,1,0,63,0,0,1]},
{"frame":69,"values":[1,-0.0062,0,0,0.0062,1,0,0,0,0,1,0,63,0,0,1]},
{"frame":70,"values":[0.9998,0.0185,0,0,-0.0185,0.9998,0,0,0,0,1,0,63,0,0,1]},
{"frame":71,"values":[0.9991,0.0428,0,0,-0.0428,0.9991,0,0,0,0,1,0,63,0,0,1]},
{"frame":72,"values":[0.9978,0.0659,0,0,-0.0659,0.9978,0,0,0,0,1,0,63,0,0,1]},
{"frame":73,"values":[0.9962,0.0872,0,0,-0.0872,0.9962,0,0,0,0,1,0,63,0,0,1]},
{"frame":74,"values":[0.9944,0.1061,0,0,-0.1061,0.9944,0,0,0,0,1,0,63,0,0,1]},
{"frame":75,"values":[0.9925,0.1222,0,0,-0.1222,0.9925,0,0,0,0,1,0,63,0,0,1]},
{"frame":76,"values":[0.9908,0.1352,0,0,-0.1352,0.9908,0,0,0,0,1,0,63,0,0,1]},
{"frame":77,"values":[0.9895,0.1447,0,0,-0.1447,0.9895,0,0,0,0,1,0,63,0,0,1]},
{"frame":78,"values":[0.9886,0.1508,0,0,-0.1508,0.9886,0,0,0,0,1,0,63,0,0,1]},
{"frame":79,"values":[0.9882,0.1532,0,0,-0.1532,0.9882,0,0,0,0,1,0,63,0,0,1]},
{"frame":80,"values":[0.9884,0.1521,0,0,-0.1521,0.9884,0,0,0,0,1,0,63,0,0,1]},
{"frame":81,"values":[0.9891,0.1474,0,0,-0.1474,0.9891,0,0,0,0,1,0,63,0,0,1]},
{"frame":82,"values":[0.9902,0.1393,0,0,-0.1393,0.9902,0,0,0,0,1,0,63,0,0,1]},
{"frame":83,"values":[0.9918,0.1279,0,0,-0.1279,0.9918,0,0,0,0,1,0,63,0,0,1]},
{"frame":84,"values":[0.9936,0.1133,0,0,-0.1133,0.9936,0,0,0,0,1,0,63,0,0,1]},
{"frame":85,"values":[0.9954,0.096,0,0,-0.096,0.9954,0,0,0,0,1,0,63,0,0,1]},
{"frame":86,"values":[0.9971,0.0761,0,0,-0.0761,0.9971,0,0,0,0,1,0,63,0,0,1]},
{"frame":87,"values":[0.9985,0.0541,0,0,-0.0541,0.9985,0,0,0,0,1,0,63,0,0,1]},
{"frame":88,"values":[0.9995,0.0306,0,0,-0.0306,0.9995,0,0,0,0,1,0,63,0,0,1]},
{"frame":89,"values":[1,0.0062,0,0,-0.0062,1,0,0,0,0,1,0,63,0,0,1]},
{"frame":90,"values":[0.9998,-0.0185,0,0,0.0185,0.9998,0,0,0,0,1,0,63,0,0,1]},
{"frame":91,"values":[0.9991,-0.0428,0,0,0.0428,0.9991,0,0,0,0,1,0,63,0,0,1]},
{"frame":92,"values":[0.9978,-0.0659,0,0,0.0659,0.9978,0,0,0,0,1,0,63,0,0,1]},
{"frame":93,"values":[0.9962,-0.0872,0,0,0.0872,0.9962,0,0,0,0,1,0,63,0,0,1]},
{"frame":94,"values":[0.9944,-0.1061,0,0,0.1061,0.9944,0,0,0,0,1,0,63,0,0,1]},
{"frame":95,"values":[0.9925,-0.1222,0,0,0.1222,0.9925,0,0,0,0,1,0,63,0,0,1]},
{"frame":96,"values":[0.9908,-0.1352,0,0,0.1352,0.9908,0,0,0,0,1,0,63,0,0,1]},
{"frame":97,"values":[0.9895,-0.1447,0,0,0.1447,0.9895,0,0,0,0,1,0,63,0,0,1]},
{"frame":98,"values":[0.9886,-0.1508,0,0,0.1508,0.9886,0,0,0,0,1,0,63,0,0,1]},
{"frame":99,"values":[0.9882,-0.1532,0,0,0.1532,0.9882,0,0,0,0,1,0,63,0,0,1]},
{"frame":100,"values":[0.9884,-0.1521,0,0,0.1521,0.9884,0,0,0,0,1,0,63,0,0,1]},
{"frame":101,"values":[0.9891,-0.1474,0,0,0.1474,0.9891,0,0,0,0,1,0,63,0,0,1]},
{"frame":102,"values":[0.9902,-0.1393,0,0,0.1393,0.9902,0,0,0,0,1,0,63,0,0,1]},
{"frame":103,"values":[0.9918,-0.1279,0,0,0.1279,0.9918,0,0,0,0,1,0,63,0,0,1]},
{"frame":104,"values":[0.9936,-0.1133,0,0,0.1133,0.9936,0,0,0,0,1,0,63,0,0,1]},
{"frame":105,"values":[0.9954,-0.096,0,0,0.096,0.9954,0,0,0,0,1,0,63,0,0,1]},
{"frame":106,"values":[0.9971,-0.0761,0,0,0.0761,0.9971,0,0,0,0,1,0,63,0,0,1]},
{"frame":107,"values":[0.9985,-0.0541,0,0,0.0541,0.9985,0,0,0,0,1,0,63,0,0,1]},
{"frame":108,"values":[0.9995,-0.0306,0,0,0.0306,0.9995,0,0,0,0,1,0,63,0,0,1]},
{"frame":109,"values":[1,-0.0062,0,0,0.0062,1,0,0,0,0,1,0,63,0,0,1]},
{"frame":110,"values":[0.9998,0.0185,0,0,-0.0185,0.9998,0,0,0,0,1,0,63,0,0,1]},
{"frame":111,"values":[0.9991,0.0428,0,0,-0.0428,0.9991,0,0,0,0,1,0,63,0,0,1]},
{"frame":112,"values":[0.9978,0.0659,0,0,-0.0659,0.9978,0,0,0,0,1,0,63,0,0,1]},
{"frame":113,"values":[0.9962,0.0872,0,0,-0.0872,0.9962,0,0,0,0,1,0,63,0,0,1]},
{"frame":114,"values":[0.9944,0.1061,0,0,-0.1061,0.9944,0,0,0,0,1,0,63,0,0,1]},
{"frame":115,"values":[0.9925,0.1222,0,0,-0.1222,0.9925,0,0,0,0,1,0,63,0,0,1]},
{"frame":116,"values":[0.9908,0.1352,0,0,-0.1352,0.9908,0,0,0,0,1,0,63,0,0,1]},
{"frame":117,"values":[0.9895,0.1447,0,0,-0.1447,0.9895,0,0,0,0,1,0,63,0,0,1]},
{"frame":118,"values":[0.9886,0.1508,0,0,-0.1508,0.9886,0,0,0,0,1,0,63,0,0,1]},
{"frame":119,"values":[0.9882,0.1532,0,0,-0.1532,0.9882,0,0,0,0,1,0,63,0,0,1]},
{"frame":120,"values":[0.9884,0.1521,0,0,-0.1521,0.9884,0,0,0,0,1,0,63,0,0,1]},
{"frame":121,"values":[0.9891,0.1474,0,0,-0.1474,0.9891,0,0,0,0,1,0,63,0,0,1]},
{"frame":122,"values":[0.9891,0.1474,0,0,-0.1474,0.9891,0,0,0,0,1,0,63,0,0,1]},
{"frame":131,"values":[0.9891,0.1474,0,0,-0.1474,0.9891,0,0,0,0,1,0,63,0,0,1]},
{"frame":132,"values":[0.9902,0.1393,0,0,-0.1393,0.9902,0,0,0,0,1,0,63,0,0,1]},
{"frame":133,"values":[0.9918,0.1279,0,0,-0.1279,0.9918,0,0,0,0,1,0,63,0,0,1]},
{"frame":134,"values":[0.9936,0.1133,0,0,-0.1133,0.9936,0,0,0,0,1,0,63,0,0,1]},
{"frame":135,"values":[0.9954,0.096,0,0,-0.096,0.9954,0,0,0,0,1,0,63,0,0,1]},
{"frame":136,"values":[0.9971,0.0761,0,0,-0.0761,0.9971,0,0,0,0,1,0,63,0,0,1]},
{"frame":137,"values":[0.9985,0.0541,0,0,-0.0541,0.9985,0,0,0,0,1,0,63,0,0,1]},
{"frame":138,"values":[0.9995,0.0306,0,0,-0.0306,0.9995,0,0,0,0,1,0,63,0,0,1]},
{"frame":139,"values":[1,0.0062,0,0,-0.0062,1,0,0,0,0,1,0,63,0,0,1]},
{"frame":140,"values":[0.9998,-0.0185,0,0,0.0185,0.9998,0,0,0,0,1,0,63,0,0,1]},
{"frame":141,"values":[0.9991,-0.0428,0,0,0.0428,0.9991,0,0,0,0,1,0,63,0,0,1]},
{"frame":142,"values":[0.9978,-0.0659,0,0,0.0659,0.9978,0,0,0,0,1,0,63,0,0,1]},
{"frame":143,"values":[0.9962,-0.0872,0,0,0.0872,0.9962,0,0,0,0,1,0,63,0,0,1]},
{"frame":144,"values":[0.9944,-0.1061,0,0,0.1061,0.9944,0,0,0,0,1,0,63,0,0,1]},
{"frame":145,"values":[0.9925,-0.1222,0,0,0.1222,0.9925,0,0,0,0,1,0,63,0,0,1]},
{"frame":146,"values":[0.9908,-0.1352,0,0,0.1352,0.9908,0,0,0,0,1,0,63,0,0,1]},
{"frame":147,"values":[0.9895,-0.1447,0,0,0.1447,0.9895,0,0,0,0,1,0,63,0,0,1]},
{"frame":148,"values":[0.9886,-0.1508,0,0,0.1508,0.9886,0,0,0,0,1,0,63,0,0,1]},
{"frame":149,"values":[0.9882,-0.1532,0,0,0.1532,0.9882,0,0,0,0,1,0,63,0,0,1]},
{"frame":150,"values":[0.9884,-0.1521,0,0,0.1521,0.9884,0,0,0,0,1,0,63,0,0,1]},
{"frame":151,"values":[0.9891,-0.1474,0,0,0.1474,0.9891,0,0,0,0,1,0,63,0,0,1]},
{"frame":152,"values":[0.9902,-0.1393,0,0,0.1393,0.9902,0,0,0,0,1,0,63,0,0,1]},
{"frame":153,"values":[0.9918,-0.1279,0,0,0.1279,0.9918,0,0,0,0,1,0,63,0,0,1]},
{"frame":154,"values":[0.9936,-0.1133,0,0,0.1133,0.9936,0,0,0,0,1,0,63,0,0,1]},
{"frame":155,"values":[0.9954,-0.096,0,0,0.096,0.9954,0,0,0,0,1,0,63,0,0,1]},
{"frame":156,"values":[0.9971,-0.0761,0,0,0.0761,0.9971,0,0,0,0,1,0,63,0,0,1]},
{"frame":157,"values":[0.9985,-0.0541,0,0,0.0541,0.9985,0,0,0,0,1,0,63,0,0,1]},
{"frame":158,"values":[0.9995,-0.0306,0,0,0.0306,0.9995,0,0,0,0,1,0,63,0,0,1]},
{"frame":159,"values":[1,-0.0062,0,0,0.0062,1,0,0,0,0,1,0,63,0,0,1]},
{"frame":160,"values":[0.9998,0.0185,0,0,-0.0185,0.9998,0,0,0,0,1,0,63,0,0,1]},
{"frame":161,"values":[0.9991,0.0428,0,0,-0.0428,0.9991,0,0,0,0,1,0,63,0,0,1]},
{"frame":162,"values":[0.9978,0.0659,0,0,-0.0659,0.9978,0,0,0,0,1,0,63,0,0,1]},
{"frame":163,"values":[0.9962,0.0872,0,0,-0.0872,0.9962,0,0,0,0,1,0,63,0,0,1]},
{"frame":164,"values":[0.9944,0.1061,0,0,-0.1061,0.9944,0,0,0,0,1,0,63,0,0,1]},
{"frame":165,"values":[0.9925,0.1222,0,0,-0.1222,0.9925,0,0,0,0,1,0,63,0,0,1]},
{"frame":166,"values":[0.9908,0.1352,0,0,-0.1352,0.9908,0,0,0,0,1,0,63,0,0,1]},
{"frame":167,"values":[0.9895,0.1447,0,0,-0.1447,0.9895,0,0,0,0,1,0,63,0,0,1]},
{"frame":168,"values":[0.9886,0.1508,0,0,-0.1508,0.9886,0,0,0,0,1,0,63,0,0,1]},
{"frame":169,"values":[0.9882,0.1532,0,0,-0.1532,0.9882,0,0,0,0,1,0,63,0,0,1]},
{"frame":170,"values":[0.9884,0.1521,0,0,-0.1521,0.9884,0,0,0,0,1,0,63,0,0,1]},
{"frame":171,"values":[0.9891,0.1474,0,0,-0.1474,0.9891,0,0,0,0,1,0,63,0,0,1]},
{"frame":172,"values":[0.9902,0.1393,0,0,-0.1393,0.9902,0,0,0,0,1,0,63,0,0,1]},
{"frame":173,"values":[0.9918,0.1279,0,0,-0.1279,0.9918,0,0,0,0,1,0,63,0,0,1]},
{"frame":174,"values":[0.9936,0.1133,0,0,-0.1133,0.9936,0,0,0,0,1,0,63,0,0,1]},
{"frame":175,"values":[0.9954,0.096,0,0,-0.096,0.9954,0,0,0,0,1,0,63,0,0,1]},
{"frame":176,"values":[0.9971,0.0761,0,0,-0.0761,0.9971,0,0,0,0,1,0,63,0,0,1]},
{"frame":177,"values":[0.9985,0.0541,0,0,-0.0541,0.9985,0,0,0,0,1,0,63,0,0,1]},
{"frame":178,"values":[0.9995,0.0306,0,0,-0.0306,0.9995,0,0,0,0,1,0,63,0,0,1]},
{"frame":179,"values":[1,0.0062,0,0,-0.0062,1,0,0,0,0,1,0,63,0,0,1]},
{"frame":180,"values":[0.9998,-0.0185,0,0,0.0185,0.9998,0,0,0,0,1,0,63,0,0,1]},
{"frame":181,"values":[0.9991,-0.0428,0,0,0.0428,0.9991,0,0,0,0,1,0,63,0,0,1]},
{"frame":182,"values":[0.9978,-0.0659,0,0,0.0659,0.9978,0,0,0,0,1,0,63,0,0,1]},
{"frame":183,"values":[0.9962,-0.0872,0,0,0.0872,0.9962,0,0,0,0,1,0,63,0,0,1]},
{"frame":184,"values":[0.9944,-0.1061,0,0,0.1061,0.9944,0,0,0,0,1,0,63,0,0,1]},
{"frame":185,"values":[0.9925,-0.1222,0,0,0.1222,0.9925,0,0,0,0,1,0,63,0,0,1]},
{"frame":186,"values":[0.9908,-0.1352,0,0,0.1352,0.9908,0,0,0,0,1,0,63,0,0,1]},
{"frame":187,"values":[0.9895,-0.1447,0,0,0.1447,0.9895,0,0,0,0,1,0,63,0,0,1]},
{"frame":188,"values":[0.9886,-0.1508,0,0,0.1508,0.9886,0,0,0,0,1,0,63,0,0,1]},
{"frame":189,"values":[0.9882,-0.1532,0,0,0.1532,0.9882,0,0,0,0,1,0,63,0,0,1]},
{"frame":190,"values":[0.9884,-0.1521,0,0,0.1521,0.9884,0,0,0,0,1,0,63,0,0,1]},
{"frame":191,"values":[0.9891,-0.1474,0,0,0.1474,0.9891,0,0,0,0,1,0,63,0,0,1]},
{"frame":192,"values":[0.9902,-0.1393,0,0,0.1393,0.9902,0,0,0,0,1,0,63,0,0,1]},
{"frame":193,"values":[0.9918,-0.1279,0,0,0.1279,0.9918,0,0,0,0,1,0,63,0,0,1]},
{"frame":194,"values":[0.9936,-0.1133,0,0,0.1133,0.9936,0,0,0,0,1,0,63,0,0,1]},
{"frame":195,"values":[0.9954,-0.096,0,0,0.096,0.9954,0,0,0,0,1,0,63,0,0,1]},
{"frame":196,"values":[0.9971,-0.0761,0,0,0.0761,0.9971,0,0,0,0,1,0,63,0,0,1]},
{"frame":197,"values":[0.9985,-0.0541,0,0,0.0541,0.9985,0,0,0,0,1,0,63,0,0,1]},
{"frame":198,"values":[0.9995,-0.0306,0,0,0.0306,0.9995,0,0,0,0,1,0,63,0,0,1]},
{"frame":199,"values":[1,-0.0062,0,0,0.0062,1,0,0,0,0,1,0,63,0,0,1]},
{"frame":200,"values":[0.9998,0.0185,0,0,-0.0185,0.9998,0,0,0,0,1,0,63,0,0,1]},
{"frame":201,"values":[0.9991,0.0428,0,0,-0.0428,0.9991,0,0,0,0,1,0,63,0,0,1]},
{"frame":202,"values":[0.9978,0.0659,0,0,-0.0659,0.9978,0,0,0,0,1,0,63,0,0,1]},
{"frame":203,"values":[0.9962,0.0872,0,0,-0.0872,0.9962,0,0,0,0,1,0,63,0,0,1]},
{"frame":204,"values":[0.9944,0.1061,0,0,-0.1061,0.9944,0,0,0,0,1,0,63,0,0,1]},
{"frame":205,"values":[0.9925,0.1222,0,0,-0.1222,0.9925,0,0,0,0,1,0,63,0,0,1]},
{"frame":206,"values":[0.9908,0.1352,0,0,-0.1352,0.9908,0,0,0,0,1,0,63,0,0,1]},
{"frame":207,"values":[0.9895,0.1447,0,0,-0.1447,0.9895,0,0,0,0,1,0,63,0,0,1]},
{"frame":208,"values":[0.9886,0.1508,0,0,-0.1508,0.9886,0,0,0,0,1,0,63,0,0,1]},
{"frame":209,"values":[0.9882,0.1532,0,0,-0.1532,0.9882,0,0,0,0,1,0,63,0,0,1]},
{"frame":210,"values":[0.9884,0.1521,0,0,-0.1521,0.9884,0,0,0,0,1,0,63,0,0,1]},
{"frame":211,"values":[0.9891,0.1474,0,0,-0.1474,0.9891,0,0,0,0,1,0,63,0,0,1]},
{"frame":212,"values":[0.9902,0.1393,0,0,-0.1393,0.9902,0,0,0,0,1,0,63,0,0,1]},
{"frame":213,"values":[0.9918,0.1279,0,0,-0.1279,0.9918,0,0,0,0,1,0,63,0,0,1]},
{"frame":214,"values":[0.9936,0.1133,0,0,-0.1133,0.9936,0,0,0,0,1,0,63,0,0,1]},
{"frame":215,"values":[0.9954,0.096,0,0,-0.096,0.9954,0,0,0,0,1,0,63,0,0,1]},
{"frame":216,"values":[0.9971,0.0761,0,0,-0.0761,0.9971,0,0,0,0,1,0,63,0,0,1]},
{"frame":217,"values":[0.9985,0.0541,0,0,-0.0541,0.9985,0,0,0,0,1,0,63,0,0,1]},
{"frame":218,"values":[0.9995,0.0306,0,0,-0.0306,0.9995,0,0,0,0,1,0,63,0,0,1]},
{"frame":219,"values":[1,0.0062,0,0,-0.0062,1,0,0,0,0,1,0,63,0,0,1]},
{"frame":220,"values":[0.9998,-0.0185,0,0,0.0185,0.9998,0,0,0,0,1,0,63,0,0,1]},
{"frame":221,"values":[0.9991,-0.0428,0,0,0.0428,0.9991,0,0,0,0,1,0,63,0,0,1]},
{"frame":222,"values":[0.9978,-0.0659,0,0,0.0659,0.9978,0,0,0,0,1,0,63,0,0,1]},
{"frame":223,"values":[0.9962,-0.0872,0,0,0.0872,0.9962,0,0,0,0,1,0,63,0,0,1]},
{"frame":224,"values":[0.9944,-0.1061,0,0,0.1061,0.9944,0,0,0,0,1,0,63,0,0,1]},
{"frame":225,"values":[0.9925,-0.1222,0,0,0.1222,0.9925,0,0,0,0,1,0,63,0,0,1]},
{"frame":226,"values":[0.9908,-0.1352,0,0,0.1352,0.9908,0,0,0,0,1,0,63,0,0,1]},
{"frame":227,"values":[0.9895,-0.1447,0,0,0.1447,0.9895,0,0,0,0,1,0,63,0,0,1]},
{"frame":228,"values":[0.9886,-0.1508,0,0,0.1508,0.9886,0,0,0,0,1,0,63,0,0,1]},
{"frame":229,"values":[0.9882,-0.1532,0,0,0.1532,0.9882,0,0,0,0,1,0,63,0,0,1]},
{"frame":230,"values":[0.9884,-0.1521,0,0,0.1521,0.9884,0,0,0,0,1,0,63,0,0,1]},
{"frame":231,"values":[0.9891,-0.1474,0,0,0.1474,0.9891,0,0,0,0,1,0,63,0,0,1]},
{"frame":232,"values":[0.9902,-0.1393,0,0,0.1393,0.9902,0,0,0,0,1,0,63,0,0,1]},
{"frame":233,"values":[0.9918,-0.1279,0,0,0.1279,0.9918,0,0,0,0,1,0,63,0,0,1]},
{"frame":234,"values":[0.9936,-0.1133,0,0,0.1133,0.9936,0,0,0,0,1,0,63,0,0,1]},
{"frame":235,"values":[0.9954,-0.096,0,0,0.096,0.9954,0,0,0,0,1,0,63,0,0,1]},
{"frame":236,"values":[0.9971,-0.0761,0,0,0.0761,0.9971,0,0,0,0,1,0,63,0,0,1]},
{"frame":237,"values":[0.9985,-0.0541,0,0,0.0541,0.9985,0,0,0,0,1,0,63,0,0,1]},
{"frame":238,"values":[0.9995,-0.0306,0,0,0.0306,0.9995,0,0,0,0,1,0,63,0,0,1]},
{"frame":239,"values":[1,-0.0062,0,0,0.0062,1,0,0,0,0,1,0,63,0,0,1]},
{"frame":240,"values":[0.9998,0.0185,0,0,-0.0185,0.9998,0,0,0,0,1,0,63,0,0,1]},
{"frame":241,"values":[0.9991,0.0428,0,0,-0.0428,0.9991,0,0,0,0,1,0,63,0,0,1]},
{"frame":242,"values":[0.9978,0.0659,0,0,-0.0659,0.9978,0,0,0,0,1,0,63,0,0,1]},
{"frame":243,"values":[0.9962,0.0872,0,0,-0.0872,0.9962,0,0,0,0,1,0,63,0,0,1]},
{"frame":244,"values":[0.9944,0.1061,0,0,-0.1061,0.9944,0,0,0,0,1,0,63,0,0,1]},
{"frame":245,"values":[0.9925,0.1222,0,0,-0.1222,0.9925,0,0,0,0,1,0,63,0,0,1]},
{"frame":246,"values":[0.9908,0.1352,0,0,-0.1352,0.9908,0,0,0,0,1,0,63,0,0,1]},
{"frame":247,"values":[0.9895,0.1447,0,0,-0.1447,0.9895,0,0,0,0,1,0,63,0,0,1]},
{"frame":248,"values":[0.9886,0.1508,0,0,-0.1508,0.9886,0,0,0,0,1,0,63,0,0,1]},
{"frame":249,"values":[0.9882,0.1532,0,0,-0.1532,0.9882,0,0,0,0,1,0,63,0,0,1]},
