{"producer":{"name":"Blender","version":"2.79 (sub 0)","exporter_version":"5.6.3","file":"Fish10.babylon"},
"autoClear":true,"clearColor":[0.0509,0.0509,0.0509],"ambientColor":[0,0,0],"gravity":[0,-9.81,0],
"materials":[{"name":"Fish10.ca_bo_texture_low","id":"Fish10.ca_bo_texture_low","ambient":[1,1,1],"diffuse":[0.8,0.8,0.8],"specular":[0.5,0.5,0.5],"emissive":[0,0,0],"specularPower":49,"alpha":1,"backFaceCulling":true,"checkReadyOnlyOnce":false,"maxSimultaneousLights":4, 
"diffuseTexture":{"name":"","level":1,"hasAlpha":1,"coordinatesMode":0,"uOffset":0,"vOffset":0,"uScale":1,"vScale":1,"uAng":0,"vAng":0,"wAng":0,"wrapU":1,"wrapV":1,"coordinatesIndex":0}}],
"multiMaterials":[],
"skeletons":[{"name":"Armature","id":0,"dimensionsAtRest":[86.3064,74.5425,53.2216],"bones":[
{"name":"xuong:ca_bo","index":0,"matrix":[1,0,0,0,0,1,0,0,0,0,-1,0,2.907,-4.2988,0,1],"rest":[1,0,0,0,0,1,0,0,0,0,-1,0,2.907,-4.2988,0,1],"parentBoneIndex":-1,"length":0.1494
,"animation":{"dataType":3,"framePerSecond":30,"keys":[
{"frame":1,"values":[1,0,0,0,0,1,0,0,0,0,-1,0,2.907,-4.2988,0,1]},
{"frame":33,"values":[1,0,0,0,0,1,0,0,0,0,-1,0,2.907,-4.2988,0,1]}],"loopBehavior":1,"name":"anim","property":"_matrix"}},
{"name":"xuong:xuong:be_head01","index":1,"matrix":[0.9956,0,0.0941,0,0,1,0,0,-0.0941,0,0.9956,0,0,0.2988,-1.6476,1],"rest":[1,0,0,0,0,1,0,0,0,0,1,0,0,0.2988,0,1],"parentBoneIndex":0,"length":27.6689
,"animation":{"dataType":3,"framePerSecond":30,"keys":[
{"frame":1,"values":[1,0,0,0,0,1,0,0,0,0,1,0,0,0.2988,0,1]},
{"frame":2,"values":[0.9999,0,0.0169,0,0,1,0,0,-0.0169,0,0.9999,0,0,0.2988,-0.3913,1]},
{"frame":3,"values":[0.9993,0,0.0363,0,0,1,0,0,-0.0363,0,0.9993,0,0,0.2988,-0.7612,1]},
{"frame":4,"values":[0.9984,0,0.0565,0,0,1,0,0,-0.0565,0,0.9984,0,0,0.2988,-1.1002,1]},
{"frame":5,"values":[0.9971,0,0.0763,0,0,1,0,0,-0.0763,0,0.9971,0,0,0.2988,-1.3988,1]},
{"frame":6,"values":[0.9956,0,0.0941,0,0,1,0,0,-0.0941,0,0.9956,0,0,0.2988,-1.6476,1]},
{"frame":7,"values":[0.9941,0,0.1086,0,0,1,0,0,-0.1086,0,0.9941,0,0,0.2988,-1.8371,1]},
{"frame":8,"values":[0.993,0,0.1183,0,0,1,0,0,-0.1183,0,0.993,0,0,0.2988,-1.9577,1]},
{"frame":9,"values":[0.9925,0,0.1219,0,0,1,0,0,-0.1219,0,0.9925,0,0,0.2988,-2,1]},
{"frame":10,"values":[0.993,0,0.1183,0,0,1,0,0,-0.1183,0,0.993,0,0,0.2988,-1.9564,1]},
{"frame":11,"values":[0.9941,0,0.1086,0,0,1,0,0,-0.1086,0,0.9941,0,0,0.2988,-1.8326,1]},
{"frame":12,"values":[0.9956,0,0.0941,0,0,1,0,0,-0.0941,0,0.9956,0,0,0.2988,-1.6392,1]},
{"frame":13,"values":[0.9971,0,0.0763,0,0,1,0,0,-0.0763,0,0.9971,0,0,0.2988,-1.3869,1]},
{"frame":14,"values":[0.9984,0,0.0565,0,0,1,0,0,-0.0565,0,0.9984,0,0,0.2988,-1.0862,1]},
{"frame":15,"values":[0.9993,0,0.0363,0,0,1,0,0,-0.0363,0,0.9993,0,0,0.2988,-0.7477,1]},
{"frame":16,"values":[0.9999,0,0.0169,0,0,1,0,0,-0.0169,0,0.9999,0,0,0.2988,-0.3821,1]},
{"frame":17,"values":[1,0,0,0,0,1,0,0,0,0,1,0,0,0.2988,0,1]},
{"frame":18,"values":[0.9999,0,-0.0169,0,0,1,0,0,0.0169,0,0.9999,0,0,0.2988,0.3821,1]},
{"frame":19,"values":[0.9993,0,-0.0363,0,0,1,0,0,0.0363,0,0.9993,0,0,0.2988,0.7477,1]},
{"frame":20,"values":[0.9984,0,-0.0565,0,0,1,0,0,0.0565,0,0.9984,0,0,0.2988,1.0862,1]},
{"frame":21,"values":[0.9971,0,-0.0763,0,0,1,0,0,0.0763,0,0.9971,0,0,0.2988,1.3869,1]},
{"frame":22,"values":[0.9956,0,-0.0941,0,0,1,0,0,0.0941,0,0.9956,0,0,0.2988,1.6392,1]},
{"frame":23,"values":[0.9941,0,-0.1086,0,0,1,0,0,0.1086,0,0.9941,0,0,0.2988,1.8326,1]},
{"frame":24,"values":[0.993,0,-0.1183,0,0,1,0,0,0.1183,0,0.993,0,0,0.2988,1.9564,1]},
{"frame":25,"values":[0.9925,0,-0.1219,0,0,1,0,0,0.1219,0,0.9925,0,0,0.2988,2,1]},
{"frame":26,"values":[0.993,0,-0.1183,0,0,1,0,0,0.1183,0,0.993,0,0,0.2988,1.9527,1]},
{"frame":27,"values":[0.9941,0,-0.1086,0,0,1,0,0,0.1086,0,0.9941,0,0,0.2988,1.8201,1]},
{"frame":28,"values":[0.9956,0,-0.0941,0,0,1,0,0,0.0941,0,0.9956,0,0,0.2988,1.6158,1]},
{"frame":29,"values":[0.9971,0,-0.0763,0,0,1,0,0,0.0763,0,0.9971,0,0,0.2988,1.3535,1]},
{"frame":30,"values":[0.9984,0,-0.0565,0,0,1,0,0,0.0565,0,0.9984,0,0,0.2988,1.0471,1]},
{"frame":31,"values":[0.9993,0,-0.0363,0,0,1,0,0,0.0363,0,0.9993,0,0,0.2988,0.7102,1]},
{"frame":32,"values":[0.9999,0,-0.0169,0,0,1,0,0,0.0169,0,0.9999,0,0,0.2988,0.3566,1]},
{"frame":33,"values":[1,0,0,0,0,1,0,0,0,0,1,0,0,0.2988,0,1]}],"loopBehavior":1,"name":"anim","property":"_matrix"}},
{"name":"xuong:xuong:bn_head02","index":2,"matrix":[0.9757,-0.219,0,0,0.219,0.9757,0,0,0,0,1,0,18.4117,-10.7887,0,1],"rest":[0.9757,-0.219,0,0,0.219,0.9757,0,0,0,0,1,0,18.4117,-10.7887,0,1],"parentBoneIndex":1,"length":16.3355
,"animation":{"dataType":3,"framePerSecond":30,"keys":[
{"frame":1,"values":[0.9757,-0.219,0,0,0.219,0.9757,0,0,0,0,1,0,18.4117,-10.7887,0,1]},
{"frame":33,"values":[0.9757,-0.219,0,0,0.219,0.9757,0,0,0,0,1,0,18.4117,-10.7887,0,1]}],"loopBehavior":1,"name":"anim","property":"_matrix"}},
{"name":"xuong:xuong:bn_mouth01","index":3,"matrix":[1,-0.003,0,0,0.0032,1.0464,0,0,0,0,1.0464,0,13.3431,0,0,1],"rest":[1,-0.003,0,0,0.003,1,0,0,0,0,1,0,13.3431,0,0,1],"parentBoneIndex":2,"length":4.5737
,"animation":{"dataType":3,"framePerSecond":30,"keys":[
{"frame":1,"values":[1,-0.003,0,0,0.003,1,0,0,0,0,1,0,13.3431,0,0,1]},
{"frame":2,"values":[1,-0.003,0,0,0.003,1.0022,0,0,0,0,1.0022,0,13.3431,0,0,1]},
{"frame":3,"values":[1,-0.003,0,0,0.0031,1.0086,0,0,0,0,1.0086,0,13.3431,0,0,1]},
{"frame":4,"values":[1,-0.003,0,0,0.0031,1.0185,0,0,0,0,1.0185,0,13.3431,0,0,1]},
{"frame":5,"values":[1,-0.003,0,0,0.0031,1.0312,0,0,0,0,1.0313,0,13.3431,0,0,1]},
{"frame":6,"values":[1,-0.003,0,0,0.0032,1.0464,0,0,0,0,1.0464,0,13.3431,0,0,1]},
{"frame":7,"values":[1,-0.003,0,0,0.0032,1.0633,0,0,0,0,1.0633,0,13.3431,0,0,1]},
{"frame":8,"values":[1,-0.003,0,0,0.0033,1.0813,0,0,0,0,1.0813,0,13.3431,0,0,1]},
{"frame":9,"values":[1,-0.003,0,0,0.0033,1.1,0,0,0,0,1.1,0,13.3431,0,0,1]},
{"frame":10,"values":[1,-0.003,0,0,0.0034,1.1186,0,0,0,0,1.1187,0,13.3431,0,0,1]},
{"frame":11,"values":[1,-0.003,0,0,0.0035,1.1367,0,0,0,0,1.1367,0,13.3431,0,0,1]},
{"frame":12,"values":[1,-0.003,0,0,0.0035,1.1536,0,0,0,0,1.1536,0,13.3431,0,0,1]},
{"frame":13,"values":[1,-0.003,0,0,0.0035,1.1687,0,0,0,0,1.1688,0,13.3431,0,0,1]},
{"frame":14,"values":[1,-0.003,0,0,0.0036,1.1815,0,0,0,0,1.1815,0,13.3431,0,0,1]},
{"frame":15,"values":[1,-0.003,0,0,0.0036,1.1914,0,0,0,0,1.1914,0,13.3431,0,0,1]},
{"frame":16,"values":[1,-0.003,0,0,0.0036,1.1977,0,0,0,0,1.1978,0,13.3431,0,0,1]},
{"frame":17,"values":[1,-0.003,0,0,0.0036,1.2,0,0,0,0,1.2,0,13.3431,0,0,1]},
{"frame":18,"values":[1,-0.003,0,0,0.0036,1.1977,0,0,0,0,1.1978,0,13.3431,0,0,1]},
{"frame":19,"values":[1,-0.003,0,0,0.0036,1.1914,0,0,0,0,1.1914,0,13.3431,0,0,1]},
{"frame":20,"values":[1,-0.003,0,0,0.0036,1.1815,0,0,0,0,1.1815,0,13.3431,0,0,1]},
{"frame":21,"values":[1,-0.003,0,0,0.0035,1.1687,0,0,0,0,1.1688,0,13.3431,0,0,1]},
{"frame":22,"values":[1,-0.003,0,0,0.0035,1.1536,0,0,0,0,1.1536,0,13.3431,0,0,1]},
{"frame":23,"values":[1,-0.003,0,0,0.0035,1.1367,0,0,0,0,1.1367,0,13.3431,0,0,1]},
{"frame":24,"values":[1,-0.003,0,0,0.0034,1.1186,0,0,0,0,1.1187,0,13.3431,0,0,1]},
{"frame":25,"values":[1,-0.003,0,0,0.0033,1.1,0,0,0,0,1.1,0,13.3431,0,0,1]},
{"frame":26,"values":[1,-0.003,0,0,0.0033,1.0813,0,0,0,0,1.0813,0,13.3431,0,0,1]},
{"frame":27,"values":[1,-0.003,0,0,0.0032,1.0633,0,0,0,0,1.0633,0,13.3431,0,0,1]},
{"frame":28,"values":[1,-0.003,0,0,0.0032,1.0464,0,0,0,0,1.0464,0,13.3431,0,0,1]},
{"frame":29,"values":[1,-0.003,0,0,0.0031,1.0312,0,0,0,0,1.0313,0,13.3431,0,0,1]},
{"frame":30,"values":[1,-0.003,0,0,0.0031,1.0185,0,0,0,0,1.0185,0,13.3431,0,0,1]},
{"frame":31,"values":[1,-0.003,0,0,0.0031,1.0086,0,0,0,0,1.0086,0,13.3431,0,0,1]},
{"frame":32,"values":[1,-0.003,0,0,0.003,1.0022,0,0,0,0,1.0022,0,13.3431,0,0,1]},
{"frame":33,"values":[1,-0.003,0,0,0.003,1,0,0,0,0,1,0,13.3431,0,0,1]}],"loopBehavior":1,"name":"anim","property":"_matrix"}},
{"name":"xuong:xuong:bn_cheek01_l","index":4,"matrix":[1.6427,0.3687,0,0,-0.3687,1.6427,0,0,0,0,1.6836,0,-0.2467,0.5282,-17.8221,1],"rest":[0.9757,0.219,0,0,-0.219,0.9757,0,0,0,0,1,0,-0.2467,0.5282,-17.8221,1],"parentBoneIndex":2,"length":27.5023
,"animation":{"dataType":3,"framePerSecond":30,"keys":[
{"frame":1,"values":[0.9757,0.219,0,0,-0.219,0.9757,0,0,0,0,1,0,-0.2467,0.5282,-17.8221,1]},
{"frame":2,"values":[1.0177,0.2284,0,0,-0.2284,1.0177,0,0,0,0,1.043,0,-0.2467,0.5282,-17.8221,1]},
{"frame":3,"values":[1.1282,0.2532,0,0,-0.2532,1.1282,0,0,0,0,1.1562,0,-0.2467,0.5282,-17.8221,1]},
{"frame":4,"values":[1.2845,0.2883,0,0,-0.2883,1.2845,0,0,0,0,1.3164,0,-0.2467,0.5282,-17.8221,1]},
{"frame":5,"values":[1.4636,0.3285,0,0,-0.3285,1.4636,0,0,0,0,1.5,0,-0.2467,0.5282,-17.8221,1]},
{"frame":6,"values":[1.6427,0.3687,0,0,-0.3687,1.6427,0,0,0,0,1.6836,0,-0.2467,0.5282,-17.8221,1]},
{"frame":7,"values":[1.799,0.4037,0,0,-0.4037,1.799,0,0,0,0,1.8438,0,-0.2467,0.5282,-17.8221,1]},
{"frame":8,"values":[1.9095,0.4285,0,0,-0.4285,1.9095,0,0,0,0,1.957,0,-0.2467,0.5282,-17.8221,1]},
{"frame":9,"values":[1.9515,0.4379,0,0,-0.4379,1.9515,0,0,0,0,2,0,-0.2467,0.5282,-17.8221,1]},
{"frame":10,"values":[1.9095,0.4285,0,0,-0.4285,1.9095,0,0,0,0,1.957,0,-0.2467,0.5282,-17.8221,1]},
{"frame":11,"values":[1.799,0.4037,0,0,-0.4037,1.799,0,0,0,0,1.8438,0,-0.2467,0.5282,-17.8221,1]},
{"frame":12,"values":[1.6427,0.3687,0,0,-0.3687,1.6427,0,0,0,0,1.6836,0,-0.2467,0.5282,-17.8221,1]},
{"frame":13,"values":[1.4636,0.3285,0,0,-0.3285,1.4636,0,0,0,0,1.5,0,-0.2467,0.5282,-17.8221,1]},
{"frame":14,"values":[1.2845,0.2883,0,0,-0.2883,1.2845,0,0,0,0,1.3164,0,-0.2467,0.5282,-17.8221,1]},
{"frame":15,"values":[1.1282,0.2532,0,0,-0.2532,1.1282,0,0,0,0,1.1562,0,-0.2467,0.5282,-17.8221,1]},
{"frame":16,"values":[1.0177,0.2284,0,0,-0.2284,1.0177,0,0,0,0,1.043,0,-0.2467,0.5282,-17.8221,1]},
{"frame":17,"values":[0.9757,0.219,0,0,-0.219,0.9757,0,0,0,0,1,0,-0.2467,0.5282,-17.8221,1]},
{"frame":18,"values":[1.0177,0.2284,0,0,-0.2284,1.0177,0,0,0,0,1.043,0,-0.2467,0.5282,-17.8221,1]},
{"frame":19,"values":[1.1282,0.2532,0,0,-0.2532,1.1282,0,0,0,0,1.1562,0,-0.2467,0.5282,-17.8221,1]},
{"frame":20,"values":[1.2845,0.2883,0,0,-0.2883,1.2845,0,0,0,0,1.3164,0,-0.2467,0.5282,-17.8221,1]},
{"frame":21,"values":[1.4636,0.3285,0,0,-0.3285,1.4636,0,0,0,0,1.5,0,-0.2467,0.5282,-17.8221,1]},
{"frame":22,"values":[1.6427,0.3687,0,0,-0.3687,1.6427,0,0,0,0,1.6836,0,-0.2467,0.5282,-17.8221,1]},
{"frame":23,"values":[1.799,0.4037,0,0,-0.4037,1.799,0,0,0,0,1.8438,0,-0.2467,0.5282,-17.8221,1]},
{"frame":24,"values":[1.9095,0.4285,0,0,-0.4285,1.9095,0,0,0,0,1.957,0,-0.2467,0.5282,-17.8221,1]},
{"frame":25,"values":[1.9515,0.4379,0,0,-0.4379,1.9515,0,0,0,0,2,0,-0.2467,0.5282,-17.8221,1]},
{"frame":26,"values":[1.9095,0.4285,0,0,-0.4285,1.9095,0,0,0,0,1.957,0,-0.2467,0.5282,-17.8221,1]},
{"frame":27,"values":[1.799,0.4037,0,0,-0.4037,1.799,0,0,0,0,1.8438,0,-0.2467,0.5282,-17.8221,1]},
{"frame":28,"values":[1.6427,0.3687,0,0,-0.3687,1.6427,0,0,0,0,1.6836,0,-0.2467,0.5282,-17.8221,1]},
{"frame":29,"values":[1.4636,0.3285,0,0,-0.3285,1.4636,0,0,0,0,1.5,0,-0.2467,0.5282,-17.8221,1]},
{"frame":30,"values":[1.2845,0.2883,0,0,-0.2883,1.2845,0,0,0,0,1.3164,0,-0.2467,0.5282,-17.8221,1]},
{"frame":31,"values":[1.1282,0.2532,0,0,-0.2532,1.1282,0,0,0,0,1.1563,0,-0.2467,0.5282,-17.8221,1]},
{"frame":32,"values":[1.0177,0.2284,0,0,-0.2284,1.0177,0,0,0,0,1.043,0,-0.2467,0.5282,-17.8221,1]},
{"frame":33,"values":[0.9757,0.219,0,0,-0.219,0.9757,0,0,0,0,1,0,-0.2467,0.5282,-17.8221,1]}],"loopBehavior":1,"name":"anim","property":"_matrix"}},
{"name":"xuong:xuong:bn_cheek01_r","index":5,"matrix":[-1.6427,-0.3687,0,0,0.3687,-1.6427,0,0,0,0,1.6836,0,-0.2467,0.5282,17.8221,1],"rest":[-0.9757,-0.219,0,0,0.219,-0.9757,0,0,0,0,1,0,-0.2467,0.5282,17.8221,1],"parentBoneIndex":2,"length":27.5023
,"animation":{"dataType":3,"framePerSecond":30,"keys":[
{"frame":1,"values":[-0.9757,-0.219,0,0,0.219,-0.9757,0,0,0,0,1,0,-0.2467,0.5282,17.8221,1]},
{"frame":2,"values":[-1.0177,-0.2284,0,0,0.2284,-1.0177,0,0,0,0,1.043,0,-0.2467,0.5282,17.8221,1]},
{"frame":3,"values":[-1.1282,-0.2532,0,0,0.2532,-1.1282,0,0,0,0,1.1562,0,-0.2467,0.5282,17.8221,1]},
{"frame":4,"values":[-1.2845,-0.2883,0,0,0.2883,-1.2845,0,0,0,0,1.3164,0,-0.2467,0.5282,17.8221,1]},
{"frame":5,"values":[-1.4636,-0.3285,0,0,0.3285,-1.4636,0,0,0,0,1.5,0,-0.2467,0.5282,17.8221,1]},
{"frame":6,"values":[-1.6427,-0.3687,0,0,0.3687,-1.6427,0,0,0,0,1.6836,0,-0.2467,0.5282,17.8221,1]},
{"frame":7,"values":[-1.799,-0.4037,0,0,0.4037,-1.799,0,0,0,0,1.8438,0,-0.2467,0.5282,17.8221,1]},
{"frame":8,"values":[-1.9095,-0.4285,0,0,0.4285,-1.9095,0,0,0,0,1.957,0,-0.2467,0.5282,17.8221,1]},
{"frame":9,"values":[-1.9515,-0.4379,0,0,0.4379,-1.9515,0,0,0,0,2,0,-0.2467,0.5282,17.8221,1]},
{"frame":10,"values":[-1.9095,-0.4285,0,0,0.4285,-1.9095,0,0,0,0,1.957,0,-0.2467,0.5282,17.8221,1]},
{"frame":11,"values":[-1.799,-0.4037,0,0,0.4037,-1.799,0,0,0,0,1.8438,0,-0.2467,0.5282,17.8221,1]},
{"frame":12,"values":[-1.6427,-0.3687,0,0,0.3687,-1.6427,0,0,0,0,1.6836,0,-0.2467,0.5282,17.8221,1]},
{"frame":13,"values":[-1.4636,-0.3285,0,0,0.3285,-1.4636,0,0,0,0,1.5,0,-0.2467,0.5282,17.8221,1]},
{"frame":14,"values":[-1.2845,-0.2883,0,0,0.2883,-1.2845,0,0,0,0,1.3164,0,-0.2467,0.5282,17.8221,1]},
{"frame":15,"values":[-1.1282,-0.2532,0,0,0.2532,-1.1282,0,0,0,0,1.1562,0,-0.2467,0.5282,17.8221,1]},
{"frame":16,"values":[-1.0177,-0.2284,0,0,0.2284,-1.0177,0,0,0,0,1.043,0,-0.2467,0.5282,17.8221,1]},
{"frame":17,"values":[-0.9757,-0.219,0,0,0.219,-0.9757,0,0,0,0,1,0,-0.2467,0.5282,17.8221,1]},
{"frame":18,"values":[-1.0177,-0.2284,0,0,0.2284,-1.0177,0,0,0,0,1.043,0,-0.2467,0.5282,17.8221,1]},
{"frame":19,"values":[-1.1282,-0.2532,0,0,0.2532,-1.1282,0,0,0,0,1.1562,0,-0.2467,0.5282,17.8221,1]},
{"frame":20,"values":[-1.2845,-0.2883,0,0,0.2883,-1.2845,0,0,0,0,1.3164,0,-0.2467,0.5282,17.8221,1]},
{"frame":21,"values":[-1.4636,-0.3285,0,0,0.3285,-1.4636,0,0,0,0,1.5,0,-0.2467,0.5282,17.8221,1]},
{"frame":22,"values":[-1.6427,-0.3687,0,0,0.3687,-1.6427,0,0,0,0,1.6836,0,-0.2467,0.5282,17.8221,1]},
{"frame":23,"values":[-1.799,-0.4037,0,0,0.4037,-1.799,0,0,0,0,1.8438,0,-0.2467,0.5282,17.8221,1]},
{"frame":24,"values":[-1.9095,-0.4285,0,0,0.4285,-1.9095,0,0,0,0,1.957,0,-0.2467,0.5282,17.8221,1]},
{"frame":25,"values":[-1.9515,-0.4379,0,0,0.4379,-1.9515,0,0,0,0,2,0,-0.2467,0.5282,17.8221,1]},
{"frame":26,"values":[-1.9095,-0.4285,0,0,0.4285,-1.9095,0,0,0,0,1.957,0,-0.2467,0.5282,17.8221,1]},
{"frame":27,"values":[-1.799,-0.4037,0,0,0.4037,-1.799,0,0,0,0,1.8438,0,-0.2467,0.5282,17.8221,1]},
{"frame":28,"values":[-1.6427,-0.3687,0,0,0.3687,-1.6427,0,0,0,0,1.6836,0,-0.2467,0.5282,17.8221,1]},
{"frame":29,"values":[-1.4636,-0.3285,0,0,0.3285,-1.4636,0,0,0,0,1.5,0,-0.2467,0.5282,17.8221,1]},
{"frame":30,"values":[-1.2845,-0.2883,0,0,0.2883,-1.2845,0,0,0,0,1.3164,0,-0.2467,0.5282,17.8221,1]},
{"frame":31,"values":[-1.1282,-0.2532,0,0,0.2532,-1.1282,0,0,0,0,1.1563,0,-0.2467,0.5282,17.8221,1]},
{"frame":32,"values":[-1.0177,-0.2284,0,0,0.2284,-1.0177,0,0,0,0,1.043,0,-0.2467,0.5282,17.8221,1]},
{"frame":33,"values":[-0.9757,-0.219,0,0,0.219,-0.9757,0,0,0,0,1,0,-0.2467,0.5282,17.8221,1]}],"loopBehavior":1,"name":"anim","property":"_matrix"}},
{"name":"xuong:xuong:bn_horn01_l","index":6,"matrix":[0.6455,0.7087,-0.2849,0,-0.6483,0.7055,0.2861,0,0.4037,0,0.9149,0,22.5948,20.0051,-6.3225,1],"rest":[0.7314,0.6007,-0.3228,0,-0.5496,0.7994,0.2425,0,0.4037,0,0.9149,0,22.5948,20.0051,-6.3225,1],"parentBoneIndex":1,"length":10.5192
,"animation":{"dataType":3,"framePerSecond":30,"keys":[
{"frame":1,"values":[0.7314,0.6007,-0.3228,0,-0.5496,0.7994,0.2425,0,0.4037,0,0.9149,0,22.5948,20.0051,-6.3225,1]},
{"frame":2,"values":[0.7264,0.6079,-0.3206,0,-0.5562,0.794,0.2454,0,0.4037,0,0.9149,0,22.5948,20.0051,-6.3225,1]},
{"frame":3,"values":[0.713,0.6266,-0.3146,0,-0.5732,0.7794,0.253,0,0.4037,0,0.9149,0,22.5948,20.0051,-6.3225,1]},
{"frame":4,"values":[0.6934,0.6524,-0.306,0,-0.5968,0.7579,0.2634,0,0.4037,0,0.9149,0,22.5948,20.0051,-6.3225,1]},
{"frame":5,"values":[0.6699,0.681,-0.2956,0,-0.623,0.7323,0.2749,0,0.4037,0,0.9149,0,22.5948,20.0051,-6.3225,1]},
{"frame":6,"values":[0.6455,0.7087,-0.2849,0,-0.6483,0.7055,0.2861,0,0.4037,0,0.9149,0,22.5948,20.0051,-6.3225,1]},
{"frame":7,"values":[0.6234,0.7319,-0.2751,0,-0.6696,0.6814,0.2955,0,0.4037,0,0.9149,0,22.5948,20.0051,-6.3225,1]},
{"frame":8,"values":[0.6073,0.7479,-0.268,0,-0.6842,0.6638,0.3019,0,0.4037,0,0.9149,0,22.5948,20.0051,-6.3225,1]},
{"frame":9,"values":[0.6011,0.7538,-0.2653,0,-0.6897,0.6571,0.3043,0,0.4037,0,0.9149,0,22.5948,20.0051,-6.3225,1]},
{"frame":10,"values":[0.6073,0.7479,-0.268,0,-0.6842,0.6638,0.3019,0,0.4037,0,0.9149,0,22.5948,20.0051,-6.3225,1]},
{"frame":11,"values":[0.6234,0.7319,-0.2751,0,-0.6696,0.6814,0.2955,0,0.4037,0,0.9149,0,22.5948,20.0051,-6.3225,1]},
{"frame":12,"values":[0.6455,0.7087,-0.2849,0,-0.6483,0.7055,0.2861,0,0.4037,0,0.9149,0,22.5948,20.0051,-6.3225,1]},
{"frame":13,"values":[0.6699,0.681,-0.2956,0,-0.623,0.7323,0.2749,0,0.4037,0,0.9149,0,22.5948,20.0051,-6.3225,1]},
{"frame":14,"values":[0.6934,0.6524,-0.306,0,-0.5968,0.7579,0.2634,0,0.4037,0,0.9149,0,22.5948,20.0051,-6.3225,1]},
{"frame":15,"values":[0.713,0.6266,-0.3146,0,-0.5732,0.7794,0.253,0,0.4037,0,0.9149,0,22.5948,20.0051,-6.3225,1]},
{"frame":16,"values":[0.7264,0.6079,-0.3206,0,-0.5562,0.794,0.2454,0,0.4037,0,0.9149,0,22.5948,20.0051,-6.3225,1]},
{"frame":17,"values":[0.7314,0.6007,-0.3228,0,-0.5496,0.7994,0.2425,0,0.4037,0,0.9149,0,22.5948,20.0051,-6.3225,1]},
{"frame":18,"values":[0.7264,0.6079,-0.3206,0,-0.5562,0.794,0.2454,0,0.4037,0,0.9149,0,22.5948,20.0051,-6.3225,1]},
{"frame":19,"values":[0.713,0.6266,-0.3146,0,-0.5732,0.7794,0.253,0,0.4037,0,0.9149,0,22.5948,20.0051,-6.3225,1]},
{"frame":20,"values":[0.6934,0.6524,-0.306,0,-0.5968,0.7579,0.2634,0,0.4037,0,0.9149,0,22.5948,20.0051,-6.3225,1]},
{"frame":21,"values":[0.6699,0.681,-0.2956,0,-0.623,0.7323,0.2749,0,0.4037,0,0.9149,0,22.5948,20.0051,-6.3225,1]},
{"frame":22,"values":[0.6455,0.7087,-0.2849,0,-0.6483,0.7055,0.2861,0,0.4037,0,0.9149,0,22.5948,20.0051,-6.3225,1]},
{"frame":23,"values":[0.6234,0.7319,-0.2751,0,-0.6696,0.6814,0.2955,0,0.4037,0,0.9149,0,22.5948,20.0051,-6.3225,1]},
{"frame":24,"values":[0.6073,0.7479,-0.268,0,-0.6842,0.6638,0.3019,0,0.4037,0,0.9149,0,22.5948,20.0051,-6.3225,1]},
{"frame":25,"values":[0.6011,0.7538,-0.2653,0,-0.6897,0.6571,0.3043,0,0.4037,0,0.9149,0,22.5948,20.0051,-6.3225,1]},
{"frame":26,"values":[0.6073,0.7479,-0.268,0,-0.6842,0.6638,0.3019,0,0.4037,0,0.9149,0,22.5948,20.0051,-6.3225,1]},
{"frame":27,"values":[0.6234,0.7319,-0.2751,0,-0.6696,0.6814,0.2955,0,0.4037,0,0.9149,0,22.5948,20.0051,-6.3225,1]},
{"frame":28,"values":[0.6455,0.7087,-0.2849,0,-0.6483,0.7055,0.2861,0,0.4037,0,0.9149,0,22.5948,20.0051,-6.3225,1]},
{"frame":29,"values":[0.6699,0.681,-0.2956,0,-0.623,0.7323,0.2749,0,0.4037,0,0.9149,0,22.5948,20.0051,-6.3225,1]},
{"frame":30,"values":[0.6934,0.6524,-0.306,0,-0.5968,0.7579,0.2634,0,0.4037,0,0.9149,0,22.5948,20.0051,-6.3225,1]},
{"frame":31,"values":[0.713,0.6266,-0.3146,0,-0.5732,0.7794,0.253,0,0.4037,0,0.9149,0,22.5948,20.0051,-6.3225,1]},
{"frame":32,"values":[0.7264,0.6079,-0.3206,0,-0.5562,0.794,0.2454,0,0.4037,0,0.9149,0,22.5948,20.0051,-6.3225,1]},
{"frame":33,"values":[0.7314,0.6007,-0.3228,0,-0.5496,0.7994,0.2425,0,0.4037,0,0.9149,0,22.5948,20.0051,-6.3225,1]}],"loopBehavior":1,"name":"anim","property":"_matrix"}},
{"name":"xuong:xuong:bn_horn02_l","index":7,"matrix":[0.9472,-0.2908,0.1347,0,0.2994,0.9529,-0.0482,0,-0.1144,0.0859,0.9897,0,10.5192,0,0,1],"rest":[0.9414,-0.3089,0.1356,0,0.3174,0.9472,-0.0456,0,-0.1144,0.0859,0.9897,0,10.5192,0,0,1],"parentBoneIndex":6,"length":16.658
,"animation":{"dataType":3,"framePerSecond":30,"keys":[
{"frame":1,"values":[0.9529,-0.2721,0.1337,0,0.2808,0.9584,-0.0508,0,-0.1144,0.0859,0.9897,0,10.5192,0,0,1]},
{"frame":2,"values":[0.9501,-0.2817,0.1343,0,0.2903,0.9556,-0.0494,0,-0.1144,0.0859,0.9897,0,10.5192,0,0,1]},
{"frame":3,"values":[0.9445,-0.2994,0.1351,0,0.308,0.9502,-0.0469,0,-0.1144,0.0859,0.9897,0,10.5192,0,0,1]},
{"frame":4,"values":[0.9414,-0.3089,0.1356,0,0.3174,0.9472,-0.0456,0,-0.1144,0.0859,0.9897,0,10.5192,0,0,1]},
{"frame":5,"values":[0.943,-0.304,0.1354,0,0.3125,0.9488,-0.0463,0,-0.1144,0.0859,0.9897,0,10.5192,0,0,1]},
{"frame":6,"values":[0.9472,-0.2908,0.1347,0,0.2994,0.9529,-0.0482,0,-0.1144,0.0859,0.9897,0,10.5192,0,0,1]},
{"frame":7,"values":[0.9529,-0.2721,0.1337,0,0.2808,0.9584,-0.0508,0,-0.1144,0.0859,0.9897,0,10.5192,0,0,1]},
{"frame":8,"values":[0.959,-0.2505,0.1326,0,0.2594,0.9643,-0.0538,0,-0.1144,0.0859,0.9897,0,10.5192,0,0,1]},
{"frame":9,"values":[0.9646,-0.2289,0.1313,0,0.2378,0.9697,-0.0567,0,-0.1144,0.0859,0.9897,0,10.5192,0,0,1]},
{"frame":10,"values":[0.969,-0.2098,0.1302,0,0.2189,0.974,-0.0593,0,-0.1144,0.0859,0.9897,0,10.5192,0,0,1]},
{"frame":11,"values":[0.972,-0.1963,0.1294,0,0.2054,0.9768,-0.0611,0,-0.1144,0.0859,0.9897,0,10.5192,0,0,1]},
{"frame":12,"values":[0.973,-0.1912,0.129,0,0.2003,0.9778,-0.0618,0,-0.1144,0.0859,0.9897,0,10.5192,0,0,1]},
{"frame":13,"values":[0.972,-0.1963,0.1294,0,0.2054,0.9768,-0.0611,0,-0.1144,0.0859,0.9897,0,10.5192,0,0,1]},
{"frame":14,"values":[0.969,-0.2098,0.1302,0,0.2189,0.974,-0.0593,0,-0.1144,0.0859,0.9897,0,10.5192,0,0,1]},
{"frame":15,"values":[0.9646,-0.2289,0.1313,0,0.2378,0.9697,-0.0567,0,-0.1144,0.0859,0.9897,0,10.5192,0,0,1]},
{"frame":16,"values":[0.959,-0.2505,0.1326,0,0.2594,0.9643,-0.0538,0,-0.1144,0.0859,0.9897,0,10.5192,0,0,1]},
{"frame":17,"values":[0.9529,-0.2721,0.1337,0,0.2808,0.9584,-0.0508,0,-0.1144,0.0859,0.9897,0,10.5192,0,0,1]},
{"frame":18,"values":[0.9472,-0.2908,0.1347,0,0.2994,0.9529,-0.0482,0,-0.1144,0.0859,0.9897,0,10.5192,0,0,1]},
{"frame":19,"values":[0.943,-0.304,0.1354,0,0.3125,0.9488,-0.0463,0,-0.1144,0.0859,0.9897,0,10.5192,0,0,1]},
{"frame":20,"values":[0.9414,-0.3089,0.1356,0,0.3174,0.9472,-0.0456,0,-0.1144,0.0859,0.9897,0,10.5192,0,0,1]},
{"frame":21,"values":[0.943,-0.304,0.1354,0,0.3125,0.9488,-0.0463,0,-0.1144,0.0859,0.9897,0,10.5192,0,0,1]},
{"frame":22,"values":[0.9472,-0.2908,0.1347,0,0.2994,0.9529,-0.0482,0,-0.1144,0.0859,0.9897,0,10.5192,0,0,1]},
{"frame":23,"values":[0.9529,-0.2721,0.1337,0,0.2808,0.9584,-0.0508,0,-0.1144,0.0859,0.9897,0,10.5192,0,0,1]},
{"frame":24,"values":[0.959,-0.2505,0.1326,0,0.2594,0.9643,-0.0538,0,-0.1144,0.0859,0.9897,0,10.5192,0,0,1]},
{"frame":25,"values":[0.9646,-0.2289,0.1313,0,0.2378,0.9697,-0.0567,0,-0.1144,0.0859,0.9897,0,10.5192,0,0,1]},
{"frame":26,"values":[0.969,-0.2098,0.1302,0,0.2189,0.974,-0.0593,0,-0.1144,0.0859,0.9897,0,10.5192,0,0,1]},
{"frame":27,"values":[0.972,-0.1963,0.1294,0,0.2054,0.9768,-0.0611,0,-0.1144,0.0859,0.9897,0,10.5192,0,0,1]},
{"frame":28,"values":[0.973,-0.1912,0.129,0,0.2003,0.9778,-0.0618,0,-0.1144,0.0859,0.9897,0,10.5192,0,0,1]},
{"frame":29,"values":[0.9713,-0.1997,0.1296,0,0.2088,0.9761,-0.0606,0,-0.1144,0.0859,0.9897,0,10.5192,0,0,1]},
{"frame":30,"values":[0.9667,-0.2199,0.1308,0,0.2288,0.9717,-0.0579,0,-0.1144,0.0859,0.9897,0,10.5192,0,0,1]},
{"frame":31,"values":[0.9608,-0.2438,0.1322,0,0.2527,0.966,-0.0547,0,-0.1144,0.0859,0.9897,0,10.5192,0,0,1]},
{"frame":32,"values":[0.9553,-0.2638,0.1333,0,0.2725,0.9607,-0.0519,0,-0.1144,0.0859,0.9897,0,10.5192,0,0,1]},
{"frame":33,"values":[0.9529,-0.2721,0.1337,0,0.2808,0.9584,-0.0508,0,-0.1144,0.0859,0.9897,0,10.5192,0,0,1]}],"loopBehavior":1,"name":"anim","property":"_matrix"}},
{"name":"xuong:xuong:bn_horn01_r","index":8,"matrix":[-0.6455,-0.7087,-0.2849,0,0.6483,-0.7055,0.2861,0,-0.4037,0,0.9149,0,22.5948,20.0051,6.3225,1],"rest":[-0.7314,-0.6007,-0.3228,0,0.5496,-0.7994,0.2425,0,-0.4037,0,0.9149,0,22.5948,20.0051,6.3225,1],"parentBoneIndex":1,"length":10.5191
,"animation":{"dataType":3,"framePerSecond":30,"keys":[
{"frame":1,"values":[-0.7314,-0.6007,-0.3228,0,0.5496,-0.7994,0.2425,0,-0.4037,0,0.9149,0,22.5948,20.0051,6.3225,1]},
{"frame":2,"values":[-0.7264,-0.6079,-0.3206,0,0.5562,-0.794,0.2454,0,-0.4037,0,0.9149,0,22.5948,20.0051,6.3225,1]},
{"frame":3,"values":[-0.713,-0.6266,-0.3146,0,0.5732,-0.7794,0.253,0,-0.4037,0,0.9149,0,22.5948,20.0051,6.3225,1]},
{"frame":4,"values":[-0.6934,-0.6524,-0.306,0,0.5968,-0.7579,0.2634,0,-0.4037,0,0.9149,0,22.5948,20.0051,6.3225,1]},
{"frame":5,"values":[-0.6699,-0.681,-0.2956,0,0.623,-0.7323,0.2749,0,-0.4037,0,0.9149,0,22.5948,20.0051,6.3225,1]},
{"frame":6,"values":[-0.6455,-0.7087,-0.2849,0,0.6483,-0.7055,0.2861,0,-0.4037,0,0.9149,0,22.5948,20.0051,6.3225,1]},
{"frame":7,"values":[-0.6234,-0.7319,-0.2751,0,0.6696,-0.6814,0.2955,0,-0.4037,0,0.9149,0,22.5948,20.0051,6.3225,1]},
{"frame":8,"values":[-0.6073,-0.7479,-0.268,0,0.6842,-0.6638,0.3019,0,-0.4037,0,0.9149,0,22.5948,20.0051,6.3225,1]},
{"frame":9,"values":[-0.6011,-0.7538,-0.2653,0,0.6897,-0.6571,0.3043,0,-0.4037,0,0.9149,0,22.5948,20.0051,6.3225,1]},
{"frame":10,"values":[-0.6073,-0.7479,-0.268,0,0.6842,-0.6638,0.3019,0,-0.4037,0,0.9149,0,22.5948,20.0051,6.3225,1]},
{"frame":11,"values":[-0.6234,-0.7319,-0.2751,0,0.6696,-0.6814,0.2955,0,-0.4037,0,0.9149,0,22.5948,20.0051,6.3225,1]},
{"frame":12,"values":[-0.6455,-0.7087,-0.2849,0,0.6483,-0.7055,0.2861,0,-0.4037,0,0.9149,0,22.5948,20.0051,6.3225,1]},
{"frame":13,"values":[-0.6699,-0.681,-0.2956,0,0.623,-0.7323,0.2749,0,-0.4037,0,0.9149,0,22.5948,20.0051,6.3225,1]},
{"frame":14,"values":[-0.6934,-0.6524,-0.306,0,0.5968,-0.7579,0.2634,0,-0.4037,0,0.9149,0,22.5948,20.0051,6.3225,1]},
{"frame":15,"values":[-0.713,-0.6266,-0.3146,0,0.5732,-0.7794,0.253,0,-0.4037,0,0.9149,0,22.5948,20.0051,6.3225,1]},
{"frame":16,"values":[-0.7264,-0.6079,-0.3206,0,0.5562,-0.794,0.2454,0,-0.4037,0,0.9149,0,22.5948,20.0051,6.3225,1]},
{"frame":17,"values":[-0.7314,-0.6007,-0.3228,0,0.5496,-0.7994,0.2425,0,-0.4037,0,0.9149,0,22.5948,20.0051,6.3225,1]},
{"frame":18,"values":[-0.7264,-0.6079,-0.3206,0,0.5562,-0.794,0.2454,0,-0.4037,0,0.9149,0,22.5948,20.0051,6.3225,1]},
{"frame":19,"values":[-0.713,-0.6266,-0.3146,0,0.5732,-0.7794,0.253,0,-0.4037,0,0.9149,0,22.5948,20.0051,6.3225,1]},
{"frame":20,"values":[-0.6934,-0.6524,-0.306,0,0.5968,-0.7579,0.2634,0,-0.4037,0,0.9149,0,22.5948,20.0051,6.3225,1]},
{"frame":21,"values":[-0.6699,-0.681,-0.2956,0,0.623,-0.7323,0.2749,0,-0.4037,0,0.9149,0,22.5948,20.0051,6.3225,1]},
{"frame":22,"values":[-0.6455,-0.7087,-0.2849,0,0.6483,-0.7055,0.2861,0,-0.4037,0,0.9149,0,22.5948,20.0051,6.3225,1]},
{"frame":23,"values":[-0.6234,-0.7319,-0.2751,0,0.6696,-0.6814,0.2955,0,-0.4037,0,0.9149,0,22.5948,20.0051,6.3225,1]},
{"frame":24,"values":[-0.6073,-0.7479,-0.268,0,0.6842,-0.6638,0.3019,0,-0.4037,0,0.9149,0,22.5948,20.0051,6.3225,1]},
{"frame":25,"values":[-0.6011,-0.7538,-0.2653,0,0.6897,-0.6571,0.3043,0,-0.4037,0,0.9149,0,22.5948,20.0051,6.3225,1]},
{"frame":26,"values":[-0.6073,-0.7479,-0.268,0,0.6842,-0.6638,0.3019,0,-0.4037,0,0.9149,0,22.5948,20.0051,6.3225,1]},
{"frame":27,"values":[-0.6234,-0.7319,-0.2751,0,0.6696,-0.6814,0.2955,0,-0.4037,0,0.9149,0,22.5948,20.0051,6.3225,1]},
{"frame":28,"values":[-0.6455,-0.7087,-0.2849,0,0.6483,-0.7055,0.2861,0,-0.4037,0,0.9149,0,22.5948,20.0051,6.3225,1]},
{"frame":29,"values":[-0.6699,-0.681,-0.2956,0,0.623,-0.7323,0.2749,0,-0.4037,0,0.9149,0,22.5948,20.0051,6.3225,1]},
{"frame":30,"values":[-0.6934,-0.6524,-0.306,0,0.5968,-0.7579,0.2634,0,-0.4037,0,0.9149,0,22.5948,20.0051,6.3225,1]},
{"frame":31,"values":[-0.713,-0.6266,-0.3146,0,0.5732,-0.7794,0.253,0,-0.4037,0,0.9149,0,22.5948,20.0051,6.3225,1]},
{"frame":32,"values":[-0.7264,-0.6079,-0.3206,0,0.5562,-0.794,0.2454,0,-0.4037,0,0.9149,0,22.5948,20.0051,6.3225,1]},
{"frame":33,"values":[-0.7314,-0.6007,-0.3228,0,0.5496,-0.7994,0.2425,0,-0.4037,0,0.9149,0,22.5948,20.0051,6.3225,1]}],"loopBehavior":1,"name":"anim","property":"_matrix"}},
{"name":"xuong:xuong:bn_horn02_r","index":9,"matrix":[0.9472,-0.2908,0.1347,0,0.2994,0.9529,-0.0482,0,-0.1144,0.0859,0.9897,0,-10.5191,0,0,1],"rest":[0.9414,-0.3089,0.1356,0,0.3174,0.9472,-0.0456,0,-0.1144,0.0859,0.9897,0,-10.5191,0,0,1],"parentBoneIndex":8,"length":16.658
,"animation":{"dataType":3,"framePerSecond":30,"keys":[
{"frame":1,"values":[0.9529,-0.2721,0.1337,0,0.2808,0.9584,-0.0508,0,-0.1144,0.0859,0.9897,0,-10.5191,0,0,1]},
{"frame":2,"values":[0.9501,-0.2817,0.1343,0,0.2903,0.9556,-0.0494,0,-0.1144,0.0859,0.9897,0,-10.5191,0,0,1]},
{"frame":3,"values":[0.9445,-0.2994,0.1351,0,0.308,0.9502,-0.0469,0,-0.1144,0.0859,0.9897,0,-10.5191,0,0,1]},
{"frame":4,"values":[0.9414,-0.3089,0.1356,0,0.3174,0.9472,-0.0456,0,-0.1144,0.0859,0.9897,0,-10.5191,0,0,1]},
{"frame":5,"values":[0.943,-0.304,0.1354,0,0.3125,0.9488,-0.0463,0,-0.1144,0.0859,0.9897,0,-10.5191,0,0,1]},
{"frame":6,"values":[0.9472,-0.2908,0.1347,0,0.2994,0.9529,-0.0482,0,-0.1144,0.0859,0.9897,0,-10.5191,0,0,1]},
{"frame":7,"values":[0.9529,-0.2721,0.1337,0,0.2808,0.9584,-0.0508,0,-0.1144,0.0859,0.9897,0,-10.5191,0,0,1]},
{"frame":8,"values":[0.959,-0.2505,0.1326,0,0.2594,0.9643,-0.0538,0,-0.1144,0.0859,0.9897,0,-10.5191,0,0,1]},
{"frame":9,"values":[0.9646,-0.2289,0.1313,0,0.2378,0.9697,-0.0567,0,-0.1144,0.0859,0.9897,0,-10.5191,0,0,1]},
{"frame":10,"values":[0.969,-0.2098,0.1302,0,0.2189,0.974,-0.0593,0,-0.1144,0.0859,0.9897,0,-10.5191,0,0,1]},
{"frame":11,"values":[0.972,-0.1963,0.1294,0,0.2054,0.9768,-0.0611,0,-0.1144,0.0859,0.9897,0,-10.5191,0,0,1]},
{"frame":12,"values":[0.973,-0.1912,0.129,0,0.2003,0.9778,-0.0618,0,-0.1144,0.0859,0.9897,0,-10.5191,0,0,1]},
{"frame":13,"values":[0.972,-0.1963,0.1294,0,0.2054,0.9768,-0.0611,0,-0.1144,0.0859,0.9897,0,-10.5191,0,0,1]},
{"frame":14,"values":[0.969,-0.2098,0.1302,0,0.2189,0.974,-0.0593,0,-0.1144,0.0859,0.9897,0,-10.5191,0,0,1]},
{"frame":15,"values":[0.9646,-0.2289,0.1313,0,0.2378,0.9697,-0.0567,0,-0.1144,0.0859,0.9897,0,-10.5191,0,0,1]},
{"frame":16,"values":[0.959,-0.2505,0.1326,0,0.2594,0.9643,-0.0538,0,-0.1144,0.0859,0.9897,0,-10.5191,0,0,1]},
{"frame":17,"values":[0.9529,-0.2721,0.1337,0,0.2808,0.9584,-0.0508,0,-0.1144,0.0859,0.9897,0,-10.5191,0,0,1]},
{"frame":18,"values":[0.9472,-0.2908,0.1347,0,0.2994,0.9529,-0.0482,0,-0.1144,0.0859,0.9897,0,-10.5191,0,0,1]},
{"frame":19,"values":[0.943,-0.304,0.1354,0,0.3125,0.9488,-0.0463,0,-0.1144,0.0859,0.9897,0,-10.5191,0,0,1]},
{"frame":20,"values":[0.9414,-0.3089,0.1356,0,0.3174,0.9472,-0.0456,0,-0.1144,0.0859,0.9897,0,-10.5191,0,0,1]},
{"frame":21,"values":[0.943,-0.304,0.1354,0,0.3125,0.9488,-0.0463,0,-0.1144,0.0859,0.9897,0,-10.5191,0,0,1]},
{"frame":22,"values":[0.9472,-0.2908,0.1347,0,0.2994,0.9529,-0.0482,0,-0.1144,0.0859,0.9897,0,-10.5191,0,0,1]},
{"frame":23,"values":[0.9529,-0.2721,0.1337,0,0.2808,0.9584,-0.0508,0,-0.1144,0.0859,0.9897,0,-10.5191,0,0,1]},
{"frame":24,"values":[0.959,-0.2505,0.1326,0,0.2594,0.9643,-0.0538,0,-0.1144,0.0859,0.9897,0,-10.5191,0,0,1]},
{"frame":25,"values":[0.9646,-0.2289,0.1313,0,0.2378,0.9697,-0.0567,0,-0.1144,0.0859,0.9897,0,-10.5191,0,0,1]},
{"frame":26,"values":[0.969,-0.2098,0.1302,0,0.2189,0.974,-0.0593,0,-0.1144,0.0859,0.9897,0,-10.5191,0,0,1]},
{"frame":27,"values":[0.972,-0.1963,0.1294,0,0.2054,0.9768,-0.0611,0,-0.1144,0.0859,0.9897,0,-10.5191,0,0,1]},
{"frame":28,"values":[0.973,-0.1912,0.129,0,0.2003,0.9778,-0.0618,0,-0.1144,0.0859,0.9897,0,-10.5191,0,0,1]},
{"frame":29,"values":[0.9713,-0.1997,0.1296,0,0.2088,0.9761,-0.0606,0,-0.1144,0.0859,0.9897,0,-10.5191,0,0,1]},
{"frame":30,"values":[0.9667,-0.2199,0.1308,0,0.2288,0.9717,-0.0579,0,-0.1144,0.0859,0.9897,0,-10.5191,0,0,1]},
{"frame":31,"values":[0.9608,-0.2438,0.1322,0,0.2527,0.966,-0.0547,0,-0.1144,0.0859,0.9897,0,-10.5191,0,0,1]},
{"frame":32,"values":[0.9553,-0.2638,0.1333,0,0.2725,0.9607,-0.0519,0,-0.1144,0.0859,0.9897,0,-10.5191,0,0,1]},
{"frame":33,"values":[0.9529,-0.2721,0.1337,0,0.2808,0.9584,-0.0508,0,-0.1144,0.0859,0.9897,0,-10.5191,0,0,1]}],"loopBehavior":1,"name":"anim","property":"_matrix"}},
{"name":"xuong:xuong:bn_tail01","index":10,"matrix":[-0.9997,0.0113,-0.0214,0,0.0113,0.9999,0.0001,0,0.0214,-0.0001,-0.9998,0,0,0,-1.6786,1],"rest":[-1,0,0,0,0,1,0,0,0,0,-1,0,0,0,0,1],"parentBoneIndex":0,"length":22.9858
,"animation":{"dataType":3,"framePerSecond":30,"keys":[
{"frame":1,"values":[-0.9998,0.011,-0.0147,0,0.011,0.9999,0.0001,0,0.0147,-0.0001,-0.9999,0,0,0,0,1]},
{"frame":2,"values":[-0.9998,0.011,-0.0182,0,0.011,0.9999,0.0001,0,0.0182,-0.0001,-0.9998,0,0,0,-0.4251,1]},
{"frame":3,"values":[-0.9997,0.011,-0.0233,0,0.011,0.9999,0.0001,0,0.0233,-0.0001,-0.9997,0,0,0,-0.8108,1]},
{"frame":4,"values":[-0.9996,0.0111,-0.0277,0,0.0111,0.9999,0.0002,0,0.0277,-0.0002,-0.9996,0,0,0,-1.1519,1]},
{"frame":5,"values":[-0.9995,0.0112,-0.0279,0,0.0112,0.9999,0.0002,0,0.0279,-0.0002,-0.9996,0,0,0,-1.443,1]},
{"frame":6,"values":[-0.9997,0.0113,-0.0214,0,0.0113,0.9999,0.0001,0,0.0214,-0.0001,-0.9998,0,0,0,-1.6786,1]},
{"frame":7,"values":[-0.9999,0.0113,-0.0106,0,0.0113,0.9999,0.0001,0,0.0106,-0.0001,-0.9999,0,0,0,-1.8536,1]},
{"frame":8,"values":[-0.9999,0.0114,0.0025,0,0.0114,0.9999,0,0,-0.0025,0,-1,0,0,0,-1.9625,1]},
{"frame":9,"values":[-0.9998,0.0113,0.0139,0,0.0113,0.9999,-0.0001,0,-0.0139,0.0001,-0.9999,0,0,0,-2,1]},
{"frame":10,"values":[-0.9997,0.0112,0.0198,0,0.0112,0.9999,-0.0001,0,-0.0198,0.0001,-0.9998,0,0,0,-1.9506,1]},
{"frame":11,"values":[-0.9997,0.011,0.02,0,0.011,0.9999,-0.0001,0,-0.02,0.0001,-0.9998,0,0,0,-1.8127,1]},
{"frame":12,"values":[-0.9998,0.0109,0.017,0,0.0109,0.9999,-0.0001,0,-0.017,0.0001,-0.9999,0,0,0,-1.6019,1]},
{"frame":13,"values":[-0.9998,0.0109,0.0138,0,0.0109,0.9999,-0.0001,0,-0.0138,0.0001,-0.9999,0,0,0,-1.3339,1]},
{"frame":14,"values":[-0.9999,0.0109,0.012,0,0.0109,0.9999,-0.0001,0,-0.012,0.0001,-0.9999,0,0,0,-1.0241,1]},
{"frame":15,"values":[-0.9999,0.0109,0.0122,0,0.0109,0.9999,-0.0001,0,-0.0122,0.0001,-0.9999,0,0,0,-0.6881,1]},
{"frame":16,"values":[-0.9998,0.0109,0.0136,0,0.0109,0.9999,-0.0001,0,-0.0136,0.0001,-0.9999,0,0,0,-0.3416,1]},
{"frame":17,"values":[-0.9998,0.011,0.0147,0,0.011,0.9999,-0.0001,0,-0.0147,0.0001,-0.9999,0,0,0,0,1]},
{"frame":18,"values":[-0.9998,0.011,0.0157,0,0.011,0.9999,-0.0001,0,-0.0157,0.0001,-0.9999,0,0,0,0.3416,1]},
{"frame":19,"values":[-0.9998,0.0111,0.0177,0,0.0111,0.9999,-0.0001,0,-0.0177,0.0001,-0.9998,0,0,0,0.6881,1]},
{"frame":20,"values":[-0.9997,0.0112,0.0197,0,0.0112,0.9999,-0.0001,0,-0.0197,0.0001,-0.9998,0,0,0,1.0241,1]},
{"frame":21,"values":[-0.9997,0.0112,0.0198,0,0.0112,0.9999,-0.0001,0,-0.0198,0.0001,-0.9998,0,0,0,1.3339,1]},
{"frame":22,"values":[-0.9998,0.0113,0.0157,0,0.0113,0.9999,-0.0001,0,-0.0157,0.0001,-0.9999,0,0,0,1.6019,1]},
{"frame":23,"values":[-0.9999,0.0113,0.0076,0,0.0113,0.9999,0,0,-0.0076,0,-1,0,0,0,1.8127,1]},
{"frame":24,"values":[-0.9999,0.0113,-0.0028,0,0.0113,0.9999,0,0,0.0028,0,-1,0,0,0,1.9506,1]},
{"frame":25,"values":[-0.9999,0.0113,-0.0121,0,0.0113,0.9999,0.0001,0,0.0121,-0.0001,-0.9999,0,0,0,2,1]},
{"frame":26,"values":[-0.9998,0.0112,-0.0178,0,0.0112,0.9999,0.0001,0,0.0178,-0.0001,-0.9998,0,0,0,1.9533,1]},
{"frame":27,"values":[-0.9998,0.011,-0.019,0,0.011,0.9999,0.0001,0,0.019,-0.0001,-0.9998,0,0,0,1.8219,1]},
{"frame":28,"values":[-0.9998,0.0109,-0.0175,0,0.0109,0.9999,0.0001,0,0.0175,-0.0001,-0.9998,0,0,0,1.6192,1]},
{"frame":29,"values":[-0.9998,0.0108,-0.0153,0,0.0108,0.9999,0.0001,0,0.0153,-0.0001,-0.9999,0,0,0,1.3584,1]},
{"frame":30,"values":[-0.9998,0.0108,-0.0148,0,0.0108,0.9999,0.0001,0,0.0148,-0.0001,-0.9999,0,0,0,1.0528,1]},
{"frame":31,"values":[-0.9998,0.0108,-0.0161,0,0.0108,0.9999,0.0001,0,0.0161,-0.0001,-0.9999,0,0,0,0.7157,1]},
{"frame":32,"values":[-0.9998,0.0109,-0.0171,0,0.0109,0.9999,0.0001,0,0.0171,-0.0001,-0.9999,0,0,0,0.3603,1]},
{"frame":33,"values":[-0.9998,0.011,-0.0147,0,0.011,0.9999,0.0001,0,0.0147,-0.0001,-0.9999,0,0,0,0,1]}],"loopBehavior":1,"name":"anim","property":"_matrix"}},
{"name":"xuong:xuong:bn_tail02","index":11,"matrix":[1,-0.0056,0.0031,0,0.0056,1,0,0,-0.0031,0,1,0,19.7193,0,0,1],"rest":[1,0,0,0,0,1,0,0,0,0,1,0,19.7193,0,0,1],"parentBoneIndex":10,"length":10.5702
,"animation":{"dataType":3,"framePerSecond":30,"keys":[
{"frame":1,"values":[0.9996,-0.0053,-0.0274,0,0.0053,1,-0.0001,0,0.0274,-0.0001,0.9996,0,19.7193,0,0,1]},
{"frame":2,"values":[0.9998,-0.0053,-0.0214,0,0.0053,1,-0.0001,0,0.0214,-0.0001,0.9998,0,19.7193,0,0,1]},
{"frame":3,"values":[0.9999,-0.0053,-0.0152,0,0.0053,1,0,0,0.0152,0,0.9999,0,19.7193,0,0,1]},
{"frame":4,"values":[0.9999,-0.0054,-0.0092,0,0.0054,1,0,0,0.0092,0,1,0,19.7193,0,0,1]},
{"frame":5,"values":[1,-0.0055,-0.0037,0,0.0055,1,0,0,0.0037,0,1,0,19.7193,0,0,1]},
{"frame":6,"values":[1,-0.0056,0.0031,0,0.0056,1,0,0,-0.0031,0,1,0,19.7193,0,0,1]},
{"frame":7,"values":[0.9999,-0.0057,0.0138,0,0.0057,1,0,0,-0.0138,0,0.9999,0,19.7193,0,0,1]},
{"frame":8,"values":[0.9996,-0.0057,0.0264,0,0.0057,1,0.0001,0,-0.0264,0.0001,0.9997,0,19.7193,0,0,1]},
{"frame":9,"values":[0.9993,-0.0056,0.0374,0,0.0056,1,0.0001,0,-0.0374,0.0001,0.9993,0,19.7193,0,0,1]},
{"frame":10,"values":[0.999,-0.0055,0.0451,0,0.0055,1,0.0001,0,-0.0451,0.0001,0.999,0,19.7193,0,0,1]},
{"frame":11,"values":[0.9987,-0.0053,0.0497,0,0.0053,1,0.0001,0,-0.0497,0.0001,0.9988,0,19.7193,0,0,1]},
{"frame":12,"values":[0.9987,-0.0052,0.0516,0,0.0052,1,0.0001,0,-0.0516,0.0001,0.9987,0,19.7193,0,0,1]},
{"frame":13,"values":[0.9987,-0.0052,0.0509,0,0.0052,1,0.0001,0,-0.0509,0.0001,0.9987,0,19.7193,0,0,1]},
{"frame":14,"values":[0.9988,-0.0051,0.0479,0,0.0051,1,0.0001,0,-0.0479,0.0001,0.9989,0,19.7193,0,0,1]},
{"frame":15,"values":[0.9991,-0.0052,0.0426,0,0.0052,1,0.0001,0,-0.0426,0.0001,0.9991,0,19.7193,0,0,1]},
{"frame":16,"values":[0.9994,-0.0052,0.0356,0,0.0052,1,0.0001,0,-0.0356,0.0001,0.9994,0,19.7193,0,0,1]},
{"frame":17,"values":[0.9996,-0.0053,0.0274,0,0.0053,1,0.0001,0,-0.0274,0.0001,0.9996,0,19.7193,0,0,1]},
{"frame":18,"values":[0.9998,-0.0053,0.0185,0,0.0053,1,0,0,-0.0185,0,0.9998,0,19.7193,0,0,1]},
{"frame":19,"values":[0.9999,-0.0054,0.009,0,0.0054,1,0,0,-0.009,0,1,0,19.7193,0,0,1]},
{"frame":20,"values":[1,-0.0055,0.0005,0,0.0055,1,0,0,-0.0005,0,1,0,19.7193,0,0,1]},
{"frame":21,"values":[1,-0.0056,-0.0077,0,0.0056,1,0,0,0.0077,0,1,0,19.7193,0,0,1]},
{"frame":22,"values":[0.9998,-0.0056,-0.0168,0,0.0056,1,0,0,0.0168,0,0.9999,0,19.7193,0,0,1]},
{"frame":23,"values":[0.9996,-0.0057,-0.0261,0,0.0057,1,-0.0001,0,0.0261,-0.0001,0.9997,0,19.7193,0,0,1]},
{"frame":24,"values":[0.9994,-0.0057,-0.0348,0,0.0057,1,-0.0001,0,0.0348,-0.0001,0.9994,0,19.7193,0,0,1]},
{"frame":25,"values":[0.9991,-0.0056,-0.0418,0,0.0056,1,-0.0001,0,0.0418,-0.0001,0.9991,0,19.7193,0,0,1]},
{"frame":26,"values":[0.9989,-0.0055,-0.0463,0,0.0055,1,-0.0001,0,0.0463,-0.0001,0.9989,0,19.7193,0,0,1]},
{"frame":27,"values":[0.9988,-0.0053,-0.0486,0,0.0053,1,-0.0001,0,0.0486,-0.0001,0.9988,0,19.7193,0,0,1]},
{"frame":28,"values":[0.9988,-0.0052,-0.0494,0,0.0052,1,-0.0001,0,0.0494,-0.0001,0.9988,0,19.7193,0,0,1]},
{"frame":29,"values":[0.9988,-0.0051,-0.0486,0,0.0051,1,-0.0001,0,0.0486,-0.0001,0.9988,0,19.7193,0,0,1]},
{"frame":30,"values":[0.9989,-0.0051,-0.0458,0,0.0051,1,-0.0001,0,0.0458,-0.0001,0.999,0,19.7193,0,0,1]},
{"frame":31,"values":[0.9992,-0.0051,-0.0409,0,0.0051,1,-0.0001,0,0.0409,-0.0001,0.9992,0,19.7193,0,0,1]},
{"frame":32,"values":[0.9994,-0.0052,-0.0346,0,0.0052,1,-0.0001,0,0.0346,-0.0001,0.9994,0,19.7193,0,0,1]},
{"frame":33,"values":[0.9996,-0.0053,-0.0274,0,0.0053,1,-0.0001,0,0.0274,-0.0001,0.9996,0,19.7193,0,0,1]}],"loopBehavior":1,"name":"anim","property":"_matrix"}},
{"name":"xuong:xuong:be_tail02","index":12,"matrix":[0.9997,-0.0027,-0.0257,0,0.0027,1,0,0,0.0257,0,0.9997,0,7.8297,0,0,1],"rest":[1,0,0,0,0,1,0,0,0,0,1,0,7.8297,0,0,1],"parentBoneIndex":11,"length":9.4907
,"animation":{"dataType":3,"framePerSecond":30,"keys":[
{"frame":1,"values":[0.998,-0.0024,-0.0626,0,0.0024,1,-0.0001,0,0.0626,-0.0001,0.998,0,7.8297,0,0,1]},
{"frame":2,"values":[0.9983,-0.0025,-0.058,0,0.0025,1,-0.0001,0,0.058,-0.0001,0.9983,0,7.8297,0,0,1]},
{"frame":3,"values":[0.9984,-0.0025,-0.0557,0,0.0025,1,-0.0001,0,0.0557,-0.0001,0.9984,0,7.8297,0,0,1]},
{"frame":4,"values":[0.9986,-0.0026,-0.0528,0,0.0026,1,-0.0001,0,0.0528,-0.0001,0.9986,0,7.8297,0,0,1]},
