{"producer":{"name":"Blender","version":"2.79 (sub 0)","exporter_version":"5.6.3","file":"Fish5.babylon"},
"autoClear":true,"clearColor":[0.0509,0.0509,0.0509],"ambientColor":[0,0,0],"gravity":[0,-9.81,0],
"materials":[{"name":"Fish5.ca_neon_texture_low","id":"Fish5.ca_neon_texture_low","ambient":[1,1,1],"diffuse":[0.8,0.8,0.8],"specular":[0.5,0.5,0.5],"emissive":[0,0,0],"specularPower":49,"alpha":1,"backFaceCulling":true,"checkReadyOnlyOnce":false,"maxSimultaneousLights":4, 
"diffuseTexture":{"name":"","level":1,"hasAlpha":1,"coordinatesMode":0,"uOffset":0,"vOffset":0,"uScale":1,"vScale":1,"uAng":0,"vAng":0,"wAng":0,"wrapU":1,"wrapV":1,"coordinatesIndex":0}}],
"multiMaterials":[],
"skeletons":[{"name":"Armature","id":0,"dimensionsAtRest":[41.9892,25.0495,11.44],"bones":[
{"name":"xuong2:Bip01","index":0,"matrix":[1,0,0,0,0,1,0,0,0,0,-1,0,6.7362,1.6552,1.184,1],"rest":[1,0,0,0,0,1,0,0,0,0,-1,0,4.1442,1.6552,0,1],"parentBoneIndex":-1,"length":0.01
,"animation":{"dataType":3,"framePerSecond":30,"keys":[
{"frame":2,"values":[1,0,0,0,0,1,0,0,0,0,-1,0,4.1442,1.6552,-4,1]},
{"frame":3,"values":[1,0,0,0,0,1,0,0,0,0,-1,0,4.2814,1.6552,-3.7257,1]},
{"frame":4,"values":[1,0,0,0,0,1,0,0,0,0,-1,0,4.649,1.6552,-2.9904,1]},
{"frame":5,"values":[1,0,0,0,0,1,0,0,0,0,-1,0,5.1812,1.6552,-1.9259,1]},
{"frame":6,"values":[1,0,0,0,0,1,0,0,0,0,-1,0,5.8122,1.6552,-0.6639,1]},
{"frame":7,"values":[1,0,0,0,0,1,0,0,0,0,-1,0,6.4762,1.6552,0.6639,1]},
{"frame":8,"values":[1,0,0,0,0,1,0,0,0,0,-1,0,7.1072,1.6552,1.9259,1]},
{"frame":9,"values":[1,0,0,0,0,1,0,0,0,0,-1,0,7.6394,1.6552,2.9904,1]},
{"frame":10,"values":[1,0,0,0,0,1,0,0,0,0,-1,0,8.007,1.6552,3.7257,1]},
{"frame":11,"values":[1,0,0,0,0,1,0,0,0,0,-1,0,8.1442,1.6552,4,1]},
{"frame":12,"values":[1,0,0,0,0,1,0,0,0,0,-1,0,8.0322,1.6552,3.776,1]},
{"frame":13,"values":[1,0,0,0,0,1,0,0,0,0,-1,0,7.7282,1.6552,3.168,1]},
{"frame":14,"values":[1,0,0,0,0,1,0,0,0,0,-1,0,7.2802,1.6552,2.272,1]},
{"frame":15,"values":[1,0,0,0,0,1,0,0,0,0,-1,0,6.7362,1.6552,1.184,1]},
{"frame":16,"values":[1,0,0,0,0,1,0,0,0,0,-1,0,6.1442,1.6552,0,1]},
{"frame":17,"values":[1,0,0,0,0,1,0,0,0,0,-1,0,5.5522,1.6552,-1.184,1]},
{"frame":18,"values":[1,0,0,0,0,1,0,0,0,0,-1,0,5.0082,1.6552,-2.272,1]},
{"frame":19,"values":[1,0,0,0,0,1,0,0,0,0,-1,0,4.5602,1.6552,-3.168,1]},
{"frame":20,"values":[1,0,0,0,0,1,0,0,0,0,-1,0,4.2562,1.6552,-3.776,1]},
{"frame":21,"values":[1,0,0,0,0,1,0,0,0,0,-1,0,4.1442,1.6552,-4,1]},
{"frame":23,"values":[1,0,0,0,0,1,0,0,0,0,-1,0,4.1442,1.6552,-4,1]},
{"frame":31,"values":[1,0,0,0,0,1,0,0,0,0,-1,0,4.1442,1.6552,0,1]},
{"frame":32,"values":[1,0,0,0,0,1,0,0,0,0,-1,0,4.1442,1.6552,-4,1]},
{"frame":33,"values":[1,0,0,0,0,1,0,0,0,0,-1,0,4.2814,1.6552,-3.7257,1]},
{"frame":34,"values":[1,0,0,0,0,1,0,0,0,0,-1,0,4.649,1.6552,-2.9904,1]},
{"frame":35,"values":[1,0,0,0,0,1,0,0,0,0,-1,0,5.1812,1.6552,-1.9259,1]},
{"frame":36,"values":[1,0,0,0,0,1,0,0,0,0,-1,0,5.8122,1.6552,-0.6639,1]},
{"frame":37,"values":[1,0,0,0,0,1,0,0,0,0,-1,0,6.4762,1.6552,0.6639,1]},
{"frame":38,"values":[1,0,0,0,0,1,0,0,0,0,-1,0,7.1072,1.6552,1.9259,1]},
{"frame":39,"values":[1,0,0,0,0,1,0,0,0,0,-1,0,7.6394,1.6552,2.9904,1]},
{"frame":40,"values":[1,0,0,0,0,1,0,0,0,0,-1,0,8.007,1.6552,3.7257,1]},
{"frame":41,"values":[1,0,0,0,0,1,0,0,0,0,-1,0,8.1442,1.6552,4,1]},
{"frame":42,"values":[1,0,0,0,0,1,0,0,0,0,-1,0,8.0322,1.6552,3.776,1]},
{"frame":43,"values":[1,0,0,0,0,1,0,0,0,0,-1,0,7.7282,1.6552,3.168,1]},
{"frame":44,"values":[1,0,0,0,0,1,0,0,0,0,-1,0,7.2802,1.6552,2.272,1]},
{"frame":45,"values":[1,0,0,0,0,1,0,0,0,0,-1,0,6.7362,1.6552,1.184,1]},
{"frame":46,"values":[1,0,0,0,0,1,0,0,0,0,-1,0,6.1442,1.6552,0,1]},
{"frame":47,"values":[1,0,0,0,0,1,0,0,0,0,-1,0,5.5522,1.6552,-1.184,1]},
{"frame":48,"values":[1,0,0,0,0,1,0,0,0,0,-1,0,5.0082,1.6552,-2.272,1]},
{"frame":49,"values":[1,0,0,0,0,1,0,0,0,0,-1,0,4.5602,1.6552,-3.168,1]},
{"frame":50,"values":[1,0,0,0,0,1,0,0,0,0,-1,0,4.2562,1.6552,-3.776,1]},
{"frame":51,"values":[1,0,0,0,0,1,0,0,0,0,-1,0,4.1442,1.6552,-4,1]},
{"frame":223,"values":[1,0,0,0,0,1,0,0,0,0,-1,0,4.1442,1.6552,-4,1]}],"loopBehavior":1,"name":"anim","property":"_matrix"}},
{"name":"xuong2:body","index":1,"matrix":[-0.9936,-0.0015,0.1127,0,-0.0068,0.9989,-0.0467,0,-0.1125,-0.0472,-0.9925,0,0,0,0,1],"rest":[-1,-0.0015,0,0,-0.0015,1,0,0,0,0,-1,0,0,0,0,1],"parentBoneIndex":0,"length":7.1973
,"animation":{"dataType":3,"framePerSecond":30,"keys":[
{"frame":2,"values":[-0.9792,-0.0015,-0.2027,0,-0.0187,0.9964,0.0832,0,0.2018,0.0853,-0.9757,0,0,0,0,1]},
{"frame":3,"values":[-0.9781,-0.0015,-0.2079,0,-0.0197,0.9962,0.0853,0,0.207,0.0875,-0.9744,0,0,0,0,1]},
{"frame":4,"values":[-0.981,-0.0015,-0.1938,0,-0.0173,0.9967,0.0797,0,0.1931,0.0815,-0.9778,0,0,0,0,1]},
{"frame":5,"values":[-0.9878,-0.0015,-0.1559,0,-0.0117,0.9979,0.0644,0,0.1555,0.0654,-0.9857,0,0,0,0,1]},
{"frame":6,"values":[-0.9949,-0.0015,-0.1007,0,-0.0058,0.9991,0.0418,0,0.1005,0.0422,-0.994,0,0,0,0,1]},
{"frame":7,"values":[-0.9994,-0.0015,-0.0348,0,-0.002,0.9999,0.0145,0,0.0347,0.0145,-0.9993,0,0,0,0,1]},
{"frame":8,"values":[-0.9994,-0.0015,0.0348,0,-0.002,0.9999,-0.0145,0,-0.0347,-0.0145,-0.9993,0,0,0,0,1]},
{"frame":9,"values":[-0.9949,-0.0015,0.1007,0,-0.0058,0.9991,-0.0418,0,-0.1005,-0.0422,-0.994,0,0,0,0,1]},
{"frame":10,"values":[-0.9878,-0.0015,0.1559,0,-0.0117,0.9979,-0.0644,0,-0.1555,-0.0654,-0.9857,0,0,0,0,1]},
{"frame":11,"values":[-0.981,-0.0015,0.1938,0,-0.0173,0.9967,-0.0797,0,-0.1931,-0.0815,-0.9778,0,0,0,0,1]},
{"frame":12,"values":[-0.9781,-0.0015,0.2079,0,-0.0197,0.9962,-0.0853,0,-0.207,-0.0875,-0.9744,0,0,0,0,1]},
{"frame":13,"values":[-0.9807,-0.0015,0.1956,0,-0.0176,0.9966,-0.0803,0,-0.1948,-0.0822,-0.9774,0,0,0,0,1]},
{"frame":14,"values":[-0.9868,-0.0015,0.1621,0,-0.0125,0.9977,-0.0669,0,-0.1616,-0.068,-0.9845,0,0,0,0,1]},
{"frame":15,"values":[-0.9936,-0.0015,0.1127,0,-0.0068,0.9989,-0.0467,0,-0.1125,-0.0472,-0.9925,0,0,0,0,1]},
{"frame":16,"values":[-0.9986,-0.0015,0.0528,0,-0.0027,0.9998,-0.022,0,-0.0527,-0.0221,-0.9984,0,0,0,0,1]},
{"frame":17,"values":[-0.9999,-0.0015,-0.0119,0,-0.0016,1,0.005,0,0.0119,0.005,-0.9999,0,0,0,0,1]},
{"frame":18,"values":[-0.9971,-0.0015,-0.0755,0,-0.0039,0.9995,0.0314,0,0.0754,0.0316,-0.9967,0,0,0,0,1]},
{"frame":19,"values":[-0.9912,-0.0015,-0.1322,0,-0.0088,0.9985,0.0547,0,0.1319,0.0554,-0.9897,0,0,0,0,1]},
{"frame":20,"values":[-0.9843,-0.0015,-0.1763,0,-0.0145,0.9973,0.0726,0,0.1757,0.0741,-0.9816,0,0,0,0,1]},
{"frame":21,"values":[-0.9792,-0.0015,-0.2027,0,-0.0187,0.9964,0.0832,0,0.2018,0.0853,-0.9757,0,0,0,0,1]},
{"frame":22,"values":[-0.9781,-0.0015,-0.2079,0,-0.0197,0.9962,0.0853,0,0.207,0.0875,-0.9744,0,0,0,0,1]},
{"frame":23,"values":[-0.9781,-0.0015,-0.2079,0,-0.0197,0.9962,0.0853,0,0.207,0.0875,-0.9744,0,0,0,0,1]},
{"frame":31,"values":[-1,-0.0015,0,0,-0.0015,1,0,0,0,0,-1,0,0,0,0,1]},
{"frame":32,"values":[-0.9792,-0.0015,-0.2027,0,-0.0187,0.9964,0.0832,0,0.2018,0.0853,-0.9757,0,0,0,0,1]},
{"frame":33,"values":[-0.9781,-0.0015,-0.2079,0,-0.0197,0.9962,0.0853,0,0.207,0.0875,-0.9744,0,0,0,0,1]},
{"frame":34,"values":[-0.981,-0.0015,-0.1938,0,-0.0173,0.9967,0.0797,0,0.1931,0.0815,-0.9778,0,0,0,0,1]},
{"frame":35,"values":[-0.9878,-0.0015,-0.1559,0,-0.0117,0.9979,0.0644,0,0.1555,0.0654,-0.9857,0,0,0,0,1]},
{"frame":36,"values":[-0.9949,-0.0015,-0.1007,0,-0.0058,0.9991,0.0418,0,0.1005,0.0422,-0.994,0,0,0,0,1]},
{"frame":37,"values":[-0.9994,-0.0015,-0.0348,0,-0.002,0.9999,0.0145,0,0.0347,0.0145,-0.9993,0,0,0,0,1]},
{"frame":38,"values":[-0.9994,-0.0015,0.0348,0,-0.002,0.9999,-0.0145,0,-0.0347,-0.0145,-0.9993,0,0,0,0,1]},
{"frame":39,"values":[-0.9949,-0.0015,0.1007,0,-0.0058,0.9991,-0.0418,0,-0.1005,-0.0422,-0.994,0,0,0,0,1]},
{"frame":40,"values":[-0.9878,-0.0015,0.1559,0,-0.0117,0.9979,-0.0644,0,-0.1555,-0.0654,-0.9857,0,0,0,0,1]},
{"frame":41,"values":[-0.981,-0.0015,0.1938,0,-0.0173,0.9967,-0.0797,0,-0.1931,-0.0815,-0.9778,0,0,0,0,1]},
{"frame":42,"values":[-0.9781,-0.0015,0.2079,0,-0.0197,0.9962,-0.0853,0,-0.207,-0.0875,-0.9744,0,0,0,0,1]},
{"frame":43,"values":[-0.9807,-0.0015,0.1956,0,-0.0176,0.9966,-0.0803,0,-0.1948,-0.0822,-0.9774,0,0,0,0,1]},
{"frame":44,"values":[-0.9868,-0.0015,0.1621,0,-0.0125,0.9977,-0.0669,0,-0.1616,-0.068,-0.9845,0,0,0,0,1]},
{"frame":45,"values":[-0.9936,-0.0015,0.1127,0,-0.0068,0.9989,-0.0467,0,-0.1125,-0.0472,-0.9925,0,0,0,0,1]},
{"frame":46,"values":[-0.9986,-0.0015,0.0528,0,-0.0027,0.9998,-0.022,0,-0.0527,-0.0221,-0.9984,0,0,0,0,1]},
{"frame":47,"values":[-0.9999,-0.0015,-0.0119,0,-0.0016,1,0.005,0,0.0119,0.005,-0.9999,0,0,0,0,1]},
{"frame":48,"values":[-0.9971,-0.0015,-0.0755,0,-0.0039,0.9995,0.0314,0,0.0754,0.0316,-0.9967,0,0,0,0,1]},
{"frame":49,"values":[-0.9912,-0.0015,-0.1322,0,-0.0088,0.9985,0.0547,0,0.1319,0.0554,-0.9897,0,0,0,0,1]},
{"frame":50,"values":[-0.9843,-0.0015,-0.1763,0,-0.0145,0.9973,0.0726,0,0.1757,0.0741,-0.9816,0,0,0,0,1]},
{"frame":51,"values":[-0.9792,-0.0015,-0.2027,0,-0.0187,0.9964,0.0832,0,0.2018,0.0853,-0.9757,0,0,0,0,1]},
{"frame":52,"values":[-0.9781,-0.0015,-0.2079,0,-0.0197,0.9962,0.0853,0,0.207,0.0875,-0.9744,0,0,0,0,1]},
{"frame":223,"values":[-0.9781,-0.0015,-0.2079,0,-0.0197,0.9962,0.0853,0,0.207,0.0875,-0.9744,0,0,0,0,1]}],"loopBehavior":1,"name":"anim","property":"_matrix"}},
{"name":"xuong2:body2","index":2,"matrix":[0.9831,0.0015,-0.1831,0,0.0209,0.9925,0.1204,0,0.182,-0.1222,0.9757,0,8.8865,0,0,1],"rest":[1,0.0015,0,0,-0.0015,1,0,0,0,0,1,0,8.8865,0,0,1],"parentBoneIndex":1,"length":6.7673
,"animation":{"dataType":3,"framePerSecond":30,"keys":[
{"frame":2,"values":[0.9722,0.0015,0.2342,0,0.0352,0.9877,-0.1526,0,-0.2315,0.1566,0.9602,0,8.8865,0,0,1]},
{"frame":3,"values":[0.9659,0.0015,0.2588,0,0.0434,0.9849,-0.1677,0,-0.2552,0.1733,0.9513,0,8.8865,0,0,1]},
{"frame":4,"values":[0.9704,0.0015,0.2414,0,0.0376,0.9869,-0.1571,0,-0.2385,0.1615,0.9576,0,8.8865,0,0,1]},
{"frame":5,"values":[0.9809,0.0015,0.1945,0,0.0238,0.9915,-0.1276,0,-0.193,0.1298,0.9726,0,8.8865,0,0,1]},
{"frame":6,"values":[0.9921,0.0015,0.1257,0,0.009,0.9965,-0.0833,0,-0.1254,0.0837,0.9886,0,8.8865,0,0,1]},
{"frame":7,"values":[0.9991,0.0015,0.0434,0,-0.0003,0.9996,-0.0289,0,-0.0435,0.0289,0.9986,0,8.8865,0,0,1]},
{"frame":8,"values":[0.9991,0.0015,-0.0434,0,-0.0003,0.9996,0.0289,0,0.0435,-0.0289,0.9986,0,8.8865,0,0,1]},
{"frame":9,"values":[0.9921,0.0015,-0.1257,0,0.009,0.9965,0.0833,0,0.1254,-0.0837,0.9886,0,8.8865,0,0,1]},
{"frame":10,"values":[0.9809,0.0015,-0.1945,0,0.0238,0.9915,0.1276,0,0.193,-0.1298,0.9726,0,8.8865,0,0,1]},
{"frame":11,"values":[0.9704,0.0015,-0.2414,0,0.0376,0.9869,0.1571,0,0.2385,-0.1615,0.9576,0,8.8865,0,0,1]},
{"frame":12,"values":[0.9659,0.0015,-0.2588,0,0.0434,0.9849,0.1677,0,0.2552,-0.1733,0.9513,0,8.8865,0,0,1]},
{"frame":13,"values":[0.9684,0.0015,-0.2495,0,0.0402,0.986,0.162,0,0.2462,-0.1669,0.9547,0,8.8865,0,0,1]},
{"frame":14,"values":[0.9747,0.0015,-0.2233,0,0.0319,0.9888,0.1458,0,0.221,-0.1492,0.9638,0,8.8865,0,0,1]},
{"frame":15,"values":[0.9831,0.0015,-0.1831,0,0.0209,0.9925,0.1204,0,0.182,-0.1222,0.9757,0,8.8865,0,0,1]},
{"frame":16,"values":[0.9913,0.0015,-0.1318,0,0.0101,0.9961,0.0872,0,0.1314,-0.0878,0.9874,0,8.8865,0,0,1]},
{"frame":17,"values":[0.9974,0.0015,-0.0722,0,0.0019,0.9988,0.048,0,0.0721,-0.048,0.9962,0,8.8865,0,0,1]},
{"frame":18,"values":[1,0.0015,-0.0075,0,-0.0015,1,0.005,0,0.0075,-0.005,1,0,8.8865,0,0,1]},
{"frame":19,"values":[0.9983,0.0015,0.0587,0,0.0008,0.9992,-0.0391,0,-0.0588,0.0391,0.9975,0,8.8865,0,0,1]},
{"frame":20,"values":[0.9924,0.0015,0.1233,0,0.0086,0.9966,-0.0817,0,-0.123,0.0821,0.989,0,8.8865,0,0,1]},
{"frame":21,"values":[0.9831,0.0015,0.1828,0,0.0208,0.9925,-0.1202,0,-0.1816,0.122,0.9758,0,8.8865,0,0,1]},
{"frame":22,"values":[0.9722,0.0015,0.2342,0,0.0352,0.9877,-0.1526,0,-0.2315,0.1566,0.9602,0,8.8865,0,0,1]},
{"frame":23,"values":[0.9659,0.0015,0.2588,0,0.0434,0.9849,-0.1677,0,-0.2552,0.1733,0.9513,0,8.8865,0,0,1]},
{"frame":31,"values":[1,0.0015,0,0,-0.0015,1,0,0,0,0,1,0,8.8865,0,0,1]},
{"frame":32,"values":[0.9722,0.0015,0.2342,0,0.0352,0.9877,-0.1526,0,-0.2315,0.1566,0.9602,0,8.8865,0,0,1]},
{"frame":33,"values":[0.9659,0.0015,0.2588,0,0.0434,0.9849,-0.1677,0,-0.2552,0.1733,0.9513,0,8.8865,0,0,1]},
{"frame":34,"values":[0.9704,0.0015,0.2414,0,0.0376,0.9869,-0.1571,0,-0.2385,0.1615,0.9576,0,8.8865,0,0,1]},
{"frame":35,"values":[0.9809,0.0015,0.1945,0,0.0238,0.9915,-0.1276,0,-0.193,0.1298,0.9726,0,8.8865,0,0,1]},
{"frame":36,"values":[0.9921,0.0015,0.1257,0,0.009,0.9965,-0.0833,0,-0.1254,0.0837,0.9886,0,8.8865,0,0,1]},
{"frame":37,"values":[0.9991,0.0015,0.0434,0,-0.0003,0.9996,-0.0289,0,-0.0435,0.0289,0.9986,0,8.8865,0,0,1]},
{"frame":38,"values":[0.9991,0.0015,-0.0434,0,-0.0003,0.9996,0.0289,0,0.0435,-0.0289,0.9986,0,8.8865,0,0,1]},
{"frame":39,"values":[0.9921,0.0015,-0.1257,0,0.009,0.9965,0.0833,0,0.1254,-0.0837,0.9886,0,8.8865,0,0,1]},
{"frame":40,"values":[0.9809,0.0015,-0.1945,0,0.0238,0.9915,0.1276,0,0.193,-0.1298,0.9726,0,8.8865,0,0,1]},
{"frame":41,"values":[0.9704,0.0015,-0.2414,0,0.0376,0.9869,0.1571,0,0.2385,-0.1615,0.9576,0,8.8865,0,0,1]},
{"frame":42,"values":[0.9659,0.0015,-0.2588,0,0.0434,0.9849,0.1677,0,0.2552,-0.1733,0.9513,0,8.8865,0,0,1]},
{"frame":43,"values":[0.9684,0.0015,-0.2495,0,0.0402,0.986,0.162,0,0.2462,-0.1669,0.9547,0,8.8865,0,0,1]},
{"frame":44,"values":[0.9747,0.0015,-0.2233,0,0.0319,0.9888,0.1458,0,0.221,-0.1492,0.9638,0,8.8865,0,0,1]},
{"frame":45,"values":[0.9831,0.0015,-0.1831,0,0.0209,0.9925,0.1204,0,0.182,-0.1222,0.9757,0,8.8865,0,0,1]},
{"frame":46,"values":[0.9913,0.0015,-0.1318,0,0.0101,0.9961,0.0872,0,0.1314,-0.0878,0.9874,0,8.8865,0,0,1]},
{"frame":47,"values":[0.9974,0.0015,-0.0722,0,0.0019,0.9988,0.048,0,0.0721,-0.048,0.9962,0,8.8865,0,0,1]},
{"frame":48,"values":[1,0.0015,-0.0075,0,-0.0015,1,0.005,0,0.0075,-0.005,1,0,8.8865,0,0,1]},
{"frame":49,"values":[0.9983,0.0015,0.0587,0,0.0008,0.9992,-0.0391,0,-0.0588,0.0391,0.9975,0,8.8865,0,0,1]},
{"frame":50,"values":[0.9924,0.0015,0.1233,0,0.0086,0.9966,-0.0817,0,-0.123,0.0821,0.989,0,8.8865,0,0,1]},
{"frame":51,"values":[0.9831,0.0015,0.1828,0,0.0208,0.9925,-0.1202,0,-0.1816,0.122,0.9758,0,8.8865,0,0,1]},
{"frame":52,"values":[0.9722,0.0015,0.2342,0,0.0352,0.9877,-0.1526,0,-0.2315,0.1566,0.9602,0,8.8865,0,0,1]},
{"frame":53,"values":[0.9659,0.0015,0.2588,0,0.0434,0.9849,-0.1677,0,-0.2552,0.1733,0.9513,0,8.8865,0,0,1]},
{"frame":223,"values":[0.9659,0.0015,0.2588,0,0.0434,0.9849,-0.1677,0,-0.2552,0.1733,0.9513,0,8.8865,0,0,1]}],"loopBehavior":1,"name":"anim","property":"_matrix"}},
{"name":"xuong2:body3","index":3,"matrix":[0.9704,-0.1056,-0.2173,0,0.1267,0.9883,0.0854,0,0.2057,-0.1104,0.9724,0,8.8954,0,0,1],"rest":[0.9941,-0.1082,0,0,0.1082,0.9941,0,0,0,0,1,0,8.8954,0,0,1],"parentBoneIndex":2,"length":7.0486
,"animation":{"dataType":3,"framePerSecond":30,"keys":[
{"frame":2,"values":[0.9728,-0.1059,0.2059,0,0.1248,0.9889,-0.0811,0,-0.195,0.1046,0.9752,0,8.8954,0,0,1]},
{"frame":3,"values":[0.9637,-0.1049,0.2455,0,0.1319,0.9866,-0.096,0,-0.2322,0.1249,0.9646,0,8.8954,0,0,1]},
{"frame":4,"values":[0.9603,-0.1045,0.2588,0,0.1345,0.9858,-0.101,0,-0.2446,0.1318,0.9606,0,8.8954,0,0,1]},
{"frame":5,"values":[0.9647,-0.105,0.2414,0,0.1311,0.9869,-0.0945,0,-0.2283,0.1228,0.9658,0,8.8954,0,0,1]},
{"frame":6,"values":[0.9751,-0.1062,0.1945,0,0.123,0.9894,-0.0767,0,-0.1843,0.0987,0.9779,0,8.8954,0,0,1]},
{"frame":7,"values":[0.9862,-0.1074,0.1257,0,0.1144,0.9922,-0.05,0,-0.1194,0.0637,0.9908,0,8.8954,0,0,1]},
{"frame":8,"values":[0.9932,-0.1081,0.0434,0,0.109,0.9939,-0.0174,0,-0.0413,0.022,0.9989,0,8.8954,0,0,1]},
{"frame":9,"values":[0.9932,-0.1081,-0.0434,0,0.109,0.9939,0.0174,0,0.0413,-0.022,0.9989,0,8.8954,0,0,1]},
{"frame":10,"values":[0.9862,-0.1074,-0.1257,0,0.1144,0.9922,0.05,0,0.1194,-0.0637,0.9908,0,8.8954,0,0,1]},
{"frame":11,"values":[0.9751,-0.1062,-0.1945,0,0.123,0.9894,0.0767,0,0.1843,-0.0987,0.9779,0,8.8954,0,0,1]},
{"frame":12,"values":[0.9647,-0.105,-0.2414,0,0.1311,0.9869,0.0945,0,0.2283,-0.1228,0.9658,0,8.8954,0,0,1]},
{"frame":13,"values":[0.9603,-0.1045,-0.2588,0,0.1345,0.9858,0.101,0,0.2446,-0.1318,0.9606,0,8.8954,0,0,1]},
{"frame":14,"values":[0.9631,-0.1049,-0.2478,0,0.1323,0.9865,0.0969,0,0.2343,-0.1261,0.964,0,8.8954,0,0,1]},
{"frame":15,"values":[0.9704,-0.1056,-0.2173,0,0.1267,0.9883,0.0854,0,0.2057,-0.1104,0.9724,0,8.8954,0,0,1]},
{"frame":16,"values":[0.9795,-0.1066,-0.1711,0,0.1197,0.9905,0.0677,0,0.1622,-0.0868,0.9829,0,8.8954,0,0,1]},
{"frame":17,"values":[0.9878,-0.1075,-0.1129,0,0.1132,0.9926,0.045,0,0.1073,-0.0572,0.9926,0,8.8954,0,0,1]},
{"frame":18,"values":[0.993,-0.1081,-0.047,0,0.1091,0.9939,0.0188,0,0.0447,-0.0238,0.9987,0,8.8954,0,0,1]},
{"frame":19,"values":[0.9939,-0.1082,0.0222,0,0.1084,0.9941,-0.0089,0,-0.0212,0.0113,0.9997,0,8.8954,0,0,1]},
{"frame":20,"values":[0.9901,-0.1078,0.0904,0,0.1114,0.9931,-0.0361,0,-0.0859,0.0458,0.9952,0,8.8954,0,0,1]},
{"frame":21,"values":[0.9824,-0.107,0.153,0,0.1174,0.9912,-0.0607,0,-0.1452,0.0776,0.9864,0,8.8954,0,0,1]},
{"frame":22,"values":[0.9728,-0.1059,0.2059,0,0.1248,0.9889,-0.0811,0,-0.195,0.1046,0.9752,0,8.8954,0,0,1]},
{"frame":23,"values":[0.9641,-0.105,0.244,0,0.1316,0.9867,-0.0955,0,-0.2307,0.1241,0.9651,0,8.8954,0,0,1]},
{"frame":31,"values":[0.9941,-0.1082,0,0,0.1082,0.9941,0,0,0,0,1,0,8.8954,0,0,1]},
{"frame":32,"values":[0.9728,-0.1059,0.2059,0,0.1248,0.9889,-0.0811,0,-0.195,0.1046,0.9752,0,8.8954,0,0,1]},
{"frame":33,"values":[0.9637,-0.1049,0.2455,0,0.1319,0.9866,-0.096,0,-0.2322,0.1249,0.9646,0,8.8954,0,0,1]},
{"frame":34,"values":[0.9603,-0.1045,0.2588,0,0.1345,0.9858,-0.101,0,-0.2446,0.1318,0.9606,0,8.8954,0,0,1]},
{"frame":35,"values":[0.9647,-0.105,0.2414,0,0.1311,0.9869,-0.0945,0,-0.2283,0.1228,0.9658,0,8.8954,0,0,1]},
{"frame":36,"values":[0.9751,-0.1062,0.1945,0,0.123,0.9894,-0.0767,0,-0.1843,0.0987,0.9779,0,8.8954,0,0,1]},
{"frame":37,"values":[0.9862,-0.1074,0.1257,0,0.1144,0.9922,-0.05,0,-0.1194,0.0637,0.9908,0,8.8954,0,0,1]},
{"frame":38,"values":[0.9932,-0.1081,0.0434,0,0.109,0.9939,-0.0174,0,-0.0413,0.022,0.9989,0,8.8954,0,0,1]},
{"frame":39,"values":[0.9932,-0.1081,-0.0434,0,0.109,0.9939,0.0174,0,0.0413,-0.022,0.9989,0,8.8954,0,0,1]},
{"frame":40,"values":[0.9862,-0.1074,-0.1257,0,0.1144,0.9922,0.05,0,0.1194,-0.0637,0.9908,0,8.8954,0,0,1]},
{"frame":41,"values":[0.9751,-0.1062,-0.1945,0,0.123,0.9894,0.0767,0,0.1843,-0.0987,0.9779,0,8.8954,0,0,1]},
{"frame":42,"values":[0.9647,-0.105,-0.2414,0,0.1311,0.9869,0.0945,0,0.2283,-0.1228,0.9658,0,8.8954,0,0,1]},
{"frame":43,"values":[0.9603,-0.1045,-0.2588,0,0.1345,0.9858,0.101,0,0.2446,-0.1318,0.9606,0,8.8954,0,0,1]},
{"frame":44,"values":[0.9631,-0.1049,-0.2478,0,0.1323,0.9865,0.0969,0,0.2343,-0.1261,0.964,0,8.8954,0,0,1]},
{"frame":45,"values":[0.9704,-0.1056,-0.2173,0,0.1267,0.9883,0.0854,0,0.2057,-0.1104,0.9724,0,8.8954,0,0,1]},
{"frame":46,"values":[0.9795,-0.1066,-0.1711,0,0.1197,0.9905,0.0677,0,0.1622,-0.0868,0.9829,0,8.8954,0,0,1]},
{"frame":47,"values":[0.9878,-0.1075,-0.1129,0,0.1132,0.9926,0.045,0,0.1073,-0.0572,0.9926,0,8.8954,0,0,1]},
{"frame":48,"values":[0.993,-0.1081,-0.047,0,0.1091,0.9939,0.0188,0,0.0447,-0.0238,0.9987,0,8.8954,0,0,1]},
{"frame":49,"values":[0.9939,-0.1082,0.0222,0,0.1084,0.9941,-0.0089,0,-0.0212,0.0113,0.9997,0,8.8954,0,0,1]},
{"frame":50,"values":[0.9901,-0.1078,0.0904,0,0.1114,0.9931,-0.0361,0,-0.0859,0.0458,0.9953,0,8.8954,0,0,1]},
{"frame":51,"values":[0.9824,-0.107,0.153,0,0.1174,0.9912,-0.0607,0,-0.1452,0.0776,0.9864,0,8.8954,0,0,1]},
{"frame":52,"values":[0.9728,-0.1059,0.2059,0,0.1248,0.9889,-0.0811,0,-0.195,0.1046,0.9752,0,8.8954,0,0,1]},
{"frame":53,"values":[0.9641,-0.105,0.244,0,0.1316,0.9867,-0.0955,0,-0.2307,0.1241,0.9651,0,8.8954,0,0,1]},
{"frame":54,"values":[0.9603,-0.1045,0.2588,0,0.1345,0.9858,-0.101,0,-0.2446,0.1318,0.9606,0,8.8954,0,0,1]},
{"frame":223,"values":[0.9603,-0.1045,0.2588,0,0.1345,0.9858,-0.101,0,-0.2446,0.1318,0.9606,0,8.8954,0,0,1]}],"loopBehavior":1,"name":"anim","property":"_matrix"}},
{"name":"xuong2:duoi_tren","index":4,"matrix":[1,0,0,0,0,0.9863,0.1652,0,0,-0.1652,0.9863,0,6.074,2.9859,0,1],"rest":[1,0,0,0,0,1,0,0,0,0,1,0,6.074,2.9859,0,1],"parentBoneIndex":3,"length":7.0486
,"animation":{"dataType":3,"framePerSecond":30,"keys":[
{"frame":2,"values":[1,0,0,0,0,0.9936,-0.1131,0,0,0.1131,0.9936,0,6.074,2.9859,0,1]},
{"frame":3,"values":[1,0,0,0,0,0.9883,-0.1523,0,0,0.1523,0.9883,0,6.074,2.9859,0,1]},
{"frame":4,"values":[1,0,0,0,0,0.9848,-0.1736,0,0,0.1736,0.9848,0,6.074,2.9859,0,1]},
{"frame":5,"values":[1,0,0,0,0,0.9865,-0.164,0,0,0.164,0.9865,0,6.074,2.9859,0,1]},
{"frame":6,"values":[1,0,0,0,0,0.9905,-0.1378,0,0,0.1378,0.9905,0,6.074,2.9859,0,1]},
{"frame":7,"values":[1,0,0,0,0,0.9951,-0.099,0,0,0.099,0.9951,0,6.074,2.9859,0,1]},
{"frame":8,"values":[1,0,0,0,0,0.9987,-0.0516,0,0,0.0516,0.9987,0,6.074,2.9859,0,1]},
{"frame":9,"values":[1,0,0,0,0,1,0,0,0,0,1,0,6.074,2.9859,0,1]},
{"frame":10,"values":[1,0,0,0,0,0.9987,0.0516,0,0,-0.0516,0.9987,0,6.074,2.9859,0,1]},
{"frame":11,"values":[1,0,0,0,0,0.9951,0.099,0,0,-0.099,0.9951,0,6.074,2.9859,0,1]},
{"frame":12,"values":[1,0,0,0,0,0.9905,0.1378,0,0,-0.1378,0.9905,0,6.074,2.9859,0,1]},
{"frame":13,"values":[1,0,0,0,0,0.9865,0.164,0,0,-0.164,0.9865,0,6.074,2.9859,0,1]},
{"frame":14,"values":[1,0,0,0,0,0.9848,0.1736,0,0,-0.1736,0.9848,0,6.074,2.9859,0,1]},
{"frame":15,"values":[1,0,0,0,0,0.9863,0.1652,0,0,-0.1652,0.9863,0,6.074,2.9859,0,1]},
{"frame":16,"values":[1,0,0,0,0,0.9898,0.1422,0,0,-0.1422,0.9898,0,6.074,2.9859,0,1]},
{"frame":17,"values":[1,0,0,0,0,0.9942,0.1078,0,0,-0.1078,0.9942,0,6.074,2.9859,0,1]},
{"frame":18,"values":[1,0,0,0,0,0.9979,0.0655,0,0,-0.0655,0.9979,0,6.074,2.9859,0,1]},
{"frame":19,"values":[1,0,0,0,0,0.9998,0.0187,0,0,-0.0187,0.9998,0,6.074,2.9859,0,1]},
{"frame":20,"values":[1,0,0,0,0,0.9996,-0.0291,0,0,0.0291,0.9996,0,6.074,2.9859,0,1]},
{"frame":21,"values":[1,0,0,0,0,0.9972,-0.0741,0,0,0.0741,0.9972,0,6.074,2.9859,0,1]},
{"frame":22,"values":[1,0,0,0,0,0.9936,-0.1131,0,0,0.1131,0.9936,0,6.074,2.9859,0,1]},
{"frame":23,"values":[1,0,0,0,0,0.9884,-0.1521,0,0,0.1521,0.9884,0,6.074,2.9859,0,1]},
{"frame":31,"values":[1,0,0,0,0,1,0,0,0,0,1,0,6.074,2.9859,0,1]},
{"frame":32,"values":[1,0,0,0,0,0.9936,-0.1131,0,0,0.1131,0.9936,0,6.074,2.9859,0,1]},
{"frame":33,"values":[1,0,0,0,0,0.9883,-0.1523,0,0,0.1523,0.9883,0,6.074,2.9859,0,1]},
{"frame":34,"values":[1,0,0,0,0,0.9848,-0.1736,0,0,0.1736,0.9848,0,6.074,2.9859,0,1]},
{"frame":35,"values":[1,0,0,0,0,0.9865,-0.164,0,0,0.164,0.9865,0,6.074,2.9859,0,1]},
{"frame":36,"values":[1,0,0,0,0,0.9905,-0.1378,0,0,0.1378,0.9905,0,6.074,2.9859,0,1]},
{"frame":37,"values":[1,0,0,0,0,0.9951,-0.099,0,0,0.099,0.9951,0,6.074,2.9859,0,1]},
{"frame":38,"values":[1,0,0,0,0,0.9987,-0.0516,0,0,0.0516,0.9987,0,6.074,2.9859,0,1]},
{"frame":39,"values":[1,0,0,0,0,1,0,0,0,0,1,0,6.074,2.9859,0,1]},
{"frame":40,"values":[1,0,0,0,0,0.9987,0.0516,0,0,-0.0516,0.9987,0,6.074,2.9859,0,1]},
{"frame":41,"values":[1,0,0,0,0,0.9951,0.099,0,0,-0.099,0.9951,0,6.074,2.9859,0,1]},
{"frame":42,"values":[1,0,0,0,0,0.9905,0.1378,0,0,-0.1378,0.9905,0,6.074,2.9859,0,1]},
{"frame":43,"values":[1,0,0,0,0,0.9865,0.164,0,0,-0.164,0.9865,0,6.074,2.9859,0,1]},
{"frame":44,"values":[1,0,0,0,0,0.9848,0.1736,0,0,-0.1736,0.9848,0,6.074,2.9859,0,1]},
{"frame":45,"values":[1,0,0,0,0,0.9863,0.1652,0,0,-0.1652,0.9863,0,6.074,2.9859,0,1]},
{"frame":46,"values":[1,0,0,0,0,0.9898,0.1422,0,0,-0.1422,0.9898,0,6.074,2.9859,0,1]},
{"frame":47,"values":[1,0,0,0,0,0.9942,0.1078,0,0,-0.1078,0.9942,0,6.074,2.9859,0,1]},
{"frame":48,"values":[1,0,0,0,0,0.9979,0.0655,0,0,-0.0655,0.9979,0,6.074,2.9859,0,1]},
{"frame":49,"values":[1,0,0,0,0,0.9998,0.0187,0,0,-0.0187,0.9998,0,6.074,2.9859,0,1]},
{"frame":50,"values":[1,0,0,0,0,0.9996,-0.0291,0,0,0.0291,0.9996,0,6.074,2.9859,0,1]},
{"frame":51,"values":[1,0,0,0,0,0.9972,-0.0741,0,0,0.0741,0.9972,0,6.074,2.9859,0,1]},
{"frame":52,"values":[1,0,0,0,0,0.9936,-0.1131,0,0,0.1131,0.9936,0,6.074,2.9859,0,1]},
{"frame":53,"values":[1,0,0,0,0,0.9884,-0.1521,0,0,0.1521,0.9884,0,6.074,2.9859,0,1]},
{"frame":54,"values":[1,0,0,0,0,0.9848,-0.1736,0,0,0.1736,0.9848,0,6.074,2.9859,0,1]},
{"frame":223,"values":[1,0,0,0,0,0.9848,-0.1736,0,0,0.1736,0.9848,0,6.074,2.9859,0,1]}],"loopBehavior":1,"name":"anim","property":"_matrix"}},
{"name":"xuong2:duoi_duoi","index":5,"matrix":[0.9341,0,-0.3571,0,0.0473,0.9912,0.1237,0,0.354,-0.1324,0.9258,0,6.6702,-3.0367,0,1],"rest":[1,0,0,0,0,1,0,0,0,0,1,0,6.6702,-3.0367,0,1],"parentBoneIndex":3,"length":7.0486
,"animation":{"dataType":3,"framePerSecond":30,"keys":[
{"frame":2,"values":[0.9691,0,0.2467,0,0.0223,0.9959,-0.0877,0,-0.2457,0.0905,0.9651,0,6.6702,-3.0367,0,1]},
{"frame":3,"values":[0.944,0,0.3301,0,0.0403,0.9925,-0.1152,0,-0.3276,0.122,0.9369,0,6.6702,-3.0367,0,1]},
{"frame":4,"values":[0.9272,0,0.3746,0,0.0521,0.9903,-0.129,0,-0.371,0.1392,0.9182,0,6.6702,-3.0367,0,1]},
{"frame":5,"values":[0.935,0,0.3546,0,0.0466,0.9913,-0.1229,0,-0.3515,0.1314,0.9269,0,6.6702,-3.0367,0,1]},
{"frame":6,"values":[0.9541,0,0.2994,0,0.033,0.9939,-0.1053,0,-0.2976,0.1104,0.9483,0,6.6702,-3.0367,0,1]},
{"frame":7,"values":[0.9763,0,0.2164,0,0.0171,0.9969,-0.0773,0,-0.2157,0.0792,0.9732,0,6.6702,-3.0367,0,1]},
{"frame":8,"values":[0.9935,0,0.1134,0,0.0047,0.9991,-0.0411,0,-0.1133,0.0413,0.9927,0,6.6702,-3.0367,0,1]},
{"frame":9,"values":[1,0,0,0,0,1,0,0,0,0,1,0,6.6702,-3.0367,0,1]},
{"frame":10,"values":[0.9935,0,-0.1134,0,0.0047,0.9991,0.0411,0,0.1133,-0.0413,0.9927,0,6.6702,-3.0367,0,1]},
{"frame":11,"values":[0.9763,0,-0.2164,0,0.0171,0.9969,0.0773,0,0.2157,-0.0792,0.9732,0,6.6702,-3.0367,0,1]},
{"frame":12,"values":[0.9541,0,-0.2994,0,0.033,0.9939,0.1053,0,0.2976,-0.1104,0.9483,0,6.6702,-3.0367,0,1]},
{"frame":13,"values":[0.935,0,-0.3546,0,0.0466,0.9913,0.1229,0,0.3515,-0.1314,0.9269,0,6.6702,-3.0367,0,1]},
{"frame":14,"values":[0.9272,0,-0.3746,0,0.0521,0.9903,0.129,0,0.371,-0.1392,0.9182,0,6.6702,-3.0367,0,1]},
{"frame":15,"values":[0.9341,0,-0.3571,0,0.0473,0.9912,0.1237,0,0.354,-0.1324,0.9258,0,6.6702,-3.0367,0,1]},
{"frame":16,"values":[0.9512,0,-0.3087,0,0.0352,0.9935,0.1083,0,0.3067,-0.1139,0.945,0,6.6702,-3.0367,0,1]},
{"frame":17,"values":[0.9719,0,-0.2354,0,0.0203,0.9963,0.0839,0,0.2345,-0.0863,0.9683,0,6.6702,-3.0367,0,1]},
{"frame":18,"values":[0.9896,0,-0.1436,0,0.0075,0.9986,0.0518,0,0.1435,-0.0524,0.9883,0,6.6702,-3.0367,0,1]},
{"frame":19,"values":[0.9992,0,-0.0411,0,0.0006,0.9999,0.0149,0,0.0411,-0.0149,0.999,0,6.6702,-3.0367,0,1]},
{"frame":20,"values":[0.998,0,0.0639,0,0.0015,0.9997,-0.0232,0,-0.0639,0.0232,0.9977,0,6.6702,-3.0367,0,1]},
{"frame":21,"values":[0.9867,0,0.1625,0,0.0096,0.9982,-0.0585,0,-0.1623,0.0593,0.985,0,6.6702,-3.0367,0,1]},
{"frame":22,"values":[0.9691,0,0.2467,0,0.0223,0.9959,-0.0877,0,-0.2457,0.0905,0.9651,0,6.6702,-3.0367,0,1]},
{"frame":23,"values":[0.9441,0,0.3295,0,0.0401,0.9926,-0.115,0,-0.3271,0.1218,0.9371,0,6.6702,-3.0367,0,1]},
{"frame":31,"values":[1,0,0,0,0,1,0,0,0,0,1,0,6.6702,-3.0367,0,1]},
{"frame":32,"values":[0.9691,0,0.2467,0,0.0223,0.9959,-0.0877,0,-0.2457,0.0905,0.9651,0,6.6702,-3.0367,0,1]},
{"frame":33,"values":[0.944,0,0.3301,0,0.0403,0.9925,-0.1152,0,-0.3276,0.122,0.9369,0,6.6702,-3.0367,0,1]},
{"frame":34,"values":[0.9272,0,0.3746,0,0.0521,0.9903,-0.129,0,-0.371,0.1392,0.9182,0,6.6702,-3.0367,0,1]},
{"frame":35,"values":[0.935,0,0.3546,0,0.0466,0.9913,-0.1229,0,-0.3515,0.1314,0.9269,0,6.6702,-3.0367,0,1]},
{"frame":36,"values":[0.9541,0,0.2994,0,0.033,0.9939,-0.1053,0,-0.2976,0.1104,0.9483,0,6.6702,-3.0367,0,1]},
{"frame":37,"values":[0.9763,0,0.2164,0,0.0171,0.9969,-0.0773,0,-0.2157,0.0792,0.9732,0,6.6702,-3.0367,0,1]},
{"frame":38,"values":[0.9935,0,0.1134,0,0.0047,0.9991,-0.0411,0,-0.1133,0.0413,0.9927,0,6.6702,-3.0367,0,1]},
{"frame":39,"values":[1,0,0,0,0,1,0,0,0,0,1,0,6.6702,-3.0367,0,1]},
{"frame":40,"values":[0.9935,0,-0.1134,0,0.0047,0.9991,0.0411,0,0.1133,-0.0413,0.9927,0,6.6702,-3.0367,0,1]},
{"frame":41,"values":[0.9763,0,-0.2164,0,0.0171,0.9969,0.0773,0,0.2157,-0.0792,0.9732,0,6.6702,-3.0367,0,1]},
{"frame":42,"values":[0.9541,0,-0.2994,0,0.033,0.9939,0.1053,0,0.2976,-0.1104,0.9483,0,6.6702,-3.0367,0,1]},
{"frame":43,"values":[0.935,0,-0.3546,0,0.0466,0.9913,0.1229,0,0.3515,-0.1314,0.9269,0,6.6702,-3.0367,0,1]},
{"frame":44,"values":[0.9272,0,-0.3746,0,0.0521,0.9903,0.129,0,0.371,-0.1392,0.9182,0,6.6702,-3.0367,0,1]},
{"frame":45,"values":[0.9341,0,-0.3571,0,0.0473,0.9912,0.1237,0,0.354,-0.1324,0.9258,0,6.6702,-3.0367,0,1]},
{"frame":46,"values":[0.9512,0,-0.3087,0,0.0352,0.9935,0.1083,0,0.3067,-0.1139,0.945,0,6.6702,-3.0367,0,1]},
{"frame":47,"values":[0.9719,0,-0.2354,0,0.0203,0.9963,0.0839,0,0.2345,-0.0863,0.9683,0,6.6702,-3.0367,0,1]},
{"frame":48,"values":[0.9896,0,-0.1436,0,0.0075,0.9986,0.0518,0,0.1435,-0.0524,0.9883,0,6.6702,-3.0367,0,1]},
{"frame":49,"values":[0.9992,0,-0.0411,0,0.0006,0.9999,0.0149,0,0.0411,-0.0149,0.999,0,6.6702,-3.0367,0,1]},
{"frame":50,"values":[0.998,0,0.0639,0,0.0015,0.9997,-0.0232,0,-0.0639,0.0232,0.9977,0,6.6702,-3.0367,0,1]},
{"frame":51,"values":[0.9867,0,0.1625,0,0.0096,0.9982,-0.0585,0,-0.1623,0.0593,0.985,0,6.6702,-3.0367,0,1]},
{"frame":52,"values":[0.9691,0,0.2467,0,0.0223,0.9959,-0.0877,0,-0.2457,0.0905,0.9651,0,6.6702,-3.0367,0,1]},
{"frame":53,"values":[0.9441,0,0.3295,0,0.0401,0.9926,-0.115,0,-0.3271,0.1218,0.9371,0,6.6702,-3.0367,0,1]},
{"frame":54,"values":[0.9272,0,0.3746,0,0.0521,0.9903,-0.129,0,-0.371,0.1392,0.9182,0,6.6702,-3.0367,0,1]},
{"frame":223,"values":[0.9272,0,0.3746,0,0.0521,0.9903,-0.129,0,-0.371,0.1392,0.9182,0,6.6702,-3.0367,0,1]}],"loopBehavior":1,"name":"anim","property":"_matrix"}},
{"name":"xuong2:vay_duoi","index":6,"matrix":[0.3328,-0.9317,-0.1455,0,0.9417,0.3364,0,0,0.0489,-0.137,0.9894,0,1.1081,-4.5044,0.0712,1],"rest":[0.3364,-0.9417,0,0,0.9417,0.3364,0,0,0,0,1,0,1.1081,-4.5044,0.0712,1],"parentBoneIndex":2,"length":2.9436
,"animation":{"dataType":3,"framePerSecond":30,"keys":[
{"frame":2,"values":[0.3332,-0.9327,0.1378,0,0.9417,0.3364,0,0,-0.0463,0.1298,0.9905,0,1.1081,-4.5044,0.0712,1]},
{"frame":3,"values":[0.3313,-0.9274,0.1736,0,0.9417,0.3364,0,0,-0.0584,0.1635,0.9848,0,1.1081,-4.5044,0.0712,1]},
{"frame":4,"values":[0.3318,-0.929,0.164,0,0.9417,0.3364,0,0,-0.0552,0.1545,0.9865,0,1.1081,-4.5044,0.0712,1]},
{"frame":5,"values":[0.3332,-0.9327,0.1378,0,0.9417,0.3364,0,0,-0.0463,0.1298,0.9905,0,1.1081,-4.5044,0.0712,1]},
{"frame":6,"values":[0.3347,-0.9371,0.099,0,0.9417,0.3364,0,0,-0.0333,0.0932,0.9951,0,1.1081,-4.5044,0.0712,1]},
{"frame":7,"values":[0.3359,-0.9405,0.0516,0,0.9417,0.3364,0,0,-0.0174,0.0486,0.9987,0,1.1081,-4.5044,0.0712,1]},
{"frame":8,"values":[0.3364,-0.9417,0,0,0.9417,0.3364,0,0,0,0,1,0,1.1081,-4.5044,0.0712,1]},
{"frame":9,"values":[0.3359,-0.9405,-0.0516,0,0.9417,0.3364,0,0,0.0174,-0.0486,0.9987,0,1.1081,-4.5044,0.0712,1]},
{"frame":10,"values":[0.3347,-0.9371,-0.099,0,0.9417,0.3364,0,0,0.0333,-0.0932,0.9951,0,1.1081,-4.5044,0.0712,1]},
{"frame":11,"values":[0.3332,-0.9327,-0.1378,0,0.9417,0.3364,0,0,0.0463,-0.1298,0.9905,0,1.1081,-4.5044,0.0712,1]},
{"frame":12,"values":[0.3318,-0.929,-0.164,0,0.9417,0.3364,0,0,0.0552,-0.1545,0.9865,0,1.1081,-4.5044,0.0712,1]},
{"frame":13,"values":[0.3313,-0.9274,-0.1736,0,0.9417,0.3364,0,0,0.0584,-0.1635,0.9848,0,1.1081,-4.5044,0.0712,1]},
{"frame":14,"values":[0.3317,-0.9286,-0.1662,0,0.9417,0.3364,0,0,0.0559,-0.1565,0.9861,0,1.1081,-4.5044,0.0712,1]},
{"frame":15,"values":[0.3328,-0.9317,-0.1455,0,0.9417,0.3364,0,0,0.0489,-0.137,0.9894,0,1.1081,-4.5044,0.0712,1]},
{"frame":16,"values":[0.3342,-0.9356,-0.1144,0,0.9417,0.3364,0,0,0.0385,-0.1077,0.9934,0,1.1081,-4.5044,0.0712,1]},
{"frame":17,"values":[0.3354,-0.9391,-0.0754,0,0.9417,0.3364,0,0,0.0254,-0.071,0.9972,0,1.1081,-4.5044,0.0712,1]},
{"frame":18,"values":[0.3362,-0.9413,-0.0314,0,0.9417,0.3364,0,0,0.0106,-0.0295,0.9995,0,1.1081,-4.5044,0.0712,1]},
{"frame":19,"values":[0.3363,-0.9416,0.0148,0,0.9417,0.3364,0,0,-0.005,0.014,0.9999,0,1.1081,-4.5044,0.0712,1]},
{"frame":20,"values":[0.3358,-0.94,0.0603,0,0.9417,0.3364,0,0,-0.0203,0.0568,0.9982,0,1.1081,-4.5044,0.0712,1]},
{"frame":21,"values":[0.3346,-0.9368,0.1023,0,0.9417,0.3364,0,0,-0.0344,0.0963,0.9948,0,1.1081,-4.5044,0.0712,1]},
{"frame":22,"values":[0.3332,-0.9327,0.1378,0,0.9417,0.3364,0,0,-0.0463,0.1298,0.9905,0,1.1081,-4.5044,0.0712,1]},
{"frame":23,"values":[0.3318,-0.929,0.1636,0,0.9417,0.3364,0,0,-0.055,0.154,0.9865,0,1.1081,-4.5044,0.0712,1]},
{"frame":31,"values":[0.3364,-0.9417,0,0,0.9417,0.3364,0,0,0,0,1,0,1.1081,-4.5044,0.0712,1]},
{"frame":32,"values":[0.3332,-0.9327,0.1378,0,0.9417,0.3364,0,0,-0.0463,0.1298,0.9905,0,1.1081,-4.5044,0.0712,1]},
{"frame":33,"values":[0.3313,-0.9274,0.1736,0,0.9417,0.3364,0,0,-0.0584,0.1635,0.9848,0,1.1081,-4.5044,0.0712,1]},
{"frame":34,"values":[0.3318,-0.929,0.164,0,0.9417,0.3364,0,0,-0.0552,0.1545,0.9865,0,1.1081,-4.5044,0.0712,1]},
{"frame":35,"values":[0.3332,-0.9327,0.1378,0,0.9417,0.3364,0,0,-0.0463,0.1298,0.9905,0,1.1081,-4.5044,0.0712,1]},
{"frame":36,"values":[0.3347,-0.9371,0.099,0,0.9417,0.3364,0,0,-0.0333,0.0932,0.9951,0,1.1081,-4.5044,0.0712,1]},
{"frame":37,"values":[0.3359,-0.9405,0.0516,0,0.9417,0.3364,0,0,-0.0174,0.0486,0.9987,0,1.1081,-4.5044,0.0712,1]},
{"frame":38,"values":[0.3364,-0.9417,0,0,0.9417,0.3364,0,0,0,0,1,0,1.1081,-4.5044,0.0712,1]},
{"frame":39,"values":[0.3359,-0.9405,-0.0516,0,0.9417,0.3364,0,0,0.0174,-0.0486,0.9987,0,1.1081,-4.5044,0.0712,1]},
{"frame":40,"values":[0.3347,-0.9371,-0.099,0,0.9417,0.3364,0,0,0.0333,-0.0932,0.9951,0,1.1081,-4.5044,0.0712,1]},
{"frame":41,"values":[0.3332,-0.9327,-0.1378,0,0.9417,0.3364,0,0,0.0463,-0.1298,0.9905,0,1.1081,-4.5044,0.0712,1]},
{"frame":42,"values":[0.3318,-0.929,-0.164,0,0.9417,0.3364,0,0,0.0552,-0.1545,0.9865,0,1.1081,-4.5044,0.0712,1]},
{"frame":43,"values":[0.3313,-0.9274,-0.1736,0,0.9417,0.3364,0,0,0.0584,-0.1635,0.9848,0,1.1081,-4.5044,0.0712,1]},
{"frame":44,"values":[0.3317,-0.9286,-0.1662,0,0.9417,0.3364,0,0,0.0559,-0.1565,0.9861,0,1.1081,-4.5044,0.0712,1]},
{"frame":45,"values":[0.3328,-0.9317,-0.1455,0,0.9417,0.3364,0,0,0.0489,-0.137,0.9894,0,1.1081,-4.5044,0.0712,1]},
{"frame":46,"values":[0.3342,-0.9356,-0.1144,0,0.9417,0.3364,0,0,0.0385,-0.1077,0.9934,0,1.1081,-4.5044,0.0712,1]},
{"frame":47,"values":[0.3354,-0.9391,-0.0754,0,0.9417,0.3364,0,0,0.0254,-0.071,0.9972,0,1.1081,-4.5044,0.0712,1]},
{"frame":48,"values":[0.3362,-0.9413,-0.0314,0,0.9417,0.3364,0,0,0.0106,-0.0295,0.9995,0,1.1081,-4.5044,0.0712,1]},
{"frame":49,"values":[0.3363,-0.9416,0.0148,0,0.9417,0.3364,0,0,-0.005,0.014,0.9999,0,1.1081,-4.5044,0.0712,1]},
{"frame":50,"values":[0.3358,-0.94,0.0603,0,0.9417,0.3364,0,0,-0.0203,0.0568,0.9982,0,1.1081,-4.5044,0.0712,1]},
{"frame":51,"values":[0.3346,-0.9368,0.1023,0,0.9417,0.3364,0,0,-0.0344,0.0963,0.9948,0,1.1081,-4.5044,0.0712,1]},
{"frame":52,"values":[0.3332,-0.9327,0.1378,0,0.9417,0.3364,0,0,-0.0463,0.1298,0.9905,0,1.1081,-4.5044,0.0712,1]},
{"frame":53,"values":[0.3318,-0.929,0.1636,0,0.9417,0.3364,0,0,-0.055,0.154,0.9865,0,1.1081,-4.5044,0.0712,1]},
{"frame":54,"values":[0.3313,-0.9274,0.1736,0,0.9417,0.3364,0,0,-0.0584,0.1635,0.9848,0,1.1081,-4.5044,0.0712,1]},
{"frame":223,"values":[0.3313,-0.9274,0.1736,0,0.9417,0.3364,0,0,-0.0584,0.1635,0.9848,0,1.1081,-4.5044,0.0712,1]}],"loopBehavior":1,"name":"anim","property":"_matrix"}},
{"name":"xuong2:vay_duoi_2","index":7,"matrix":[0.9605,0,-0.2784,0,0,1,0,0,0.2784,0,0.9605,0,2.9436,0,0,1],"rest":[1,0,0,0,0,1,0,0,0,0,1,0,2.9436,0,0,1],"parentBoneIndex":6,"length":2.9436
,"animation":{"dataType":3,"framePerSecond":30,"keys":[
{"frame":2,"values":[0.9815,0,0.1914,0,0,1,0,0,-0.1914,0,0.9815,0,2.9436,0,0,1]},
{"frame":3,"values":[0.9664,0,0.257,0,0,1,0,0,-0.257,0,0.9664,0,2.9436,0,0,1]},
{"frame":4,"values":[0.9563,0,0.2924,0,0,1,0,0,-0.2924,0,0.9563,0,2.9436,0,0,1]},
{"frame":5,"values":[0.961,0,0.2764,0,0,1,0,0,-0.2764,0,0.961,0,2.9436,0,0,1]},
{"frame":6,"values":[0.9725,0,0.2328,0,0,1,0,0,-0.2328,0,0.9725,0,2.9436,0,0,1]},
{"frame":7,"values":[0.9858,0,0.1677,0,0,1,0,0,-0.1677,0,0.9858,0,2.9436,0,0,1]},
{"frame":8,"values":[0.9961,0,0.0877,0,0,1,0,0,-0.0877,0,0.9961,0,2.9436,0,0,1]},
{"frame":9,"values":[1,0,0,0,0,1,0,0,0,0,1,0,2.9436,0,0,1]},
{"frame":10,"values":[0.9961,0,-0.0877,0,0,1,0,0,0.0877,0,0.9961,0,2.9436,0,0,1]},
{"frame":11,"values":[0.9858,0,-0.1677,0,0,1,0,0,0.1677,0,0.9858,0,2.9436,0,0,1]},
{"frame":12,"values":[0.9725,0,-0.2328,0,0,1,0,0,0.2328,0,0.9725,0,2.9436,0,0,1]},
{"frame":13,"values":[0.961,0,-0.2764,0,0,1,0,0,0.2764,0,0.961,0,2.9436,0,0,1]},
{"frame":14,"values":[0.9563,0,-0.2924,0,0,1,0,0,0.2924,0,0.9563,0,2.9436,0,0,1]},
{"frame":15,"values":[0.9605,0,-0.2784,0,0,1,0,0,0.2784,0,0.9605,0,2.9436,0,0,1]},
{"frame":16,"values":[0.9707,0,-0.2401,0,0,1,0,0,0.2401,0,0.9707,0,2.9436,0,0,1]},
{"frame":17,"values":[0.9832,0,-0.1826,0,0,1,0,0,0.1826,0,0.9832,0,2.9436,0,0,1]},
{"frame":18,"values":[0.9938,0,-0.1112,0,0,1,0,0,0.1112,0,0.9938,0,2.9436,0,0,1]},
{"frame":19,"values":[0.9995,0,-0.0317,0,0,1,0,0,0.0317,0,0.9995,0,2.9436,0,0,1]},
{"frame":20,"values":[0.9988,0,0.0494,0,0,1,0,0,-0.0494,0,0.9988,0,2.9436,0,0,1]},
{"frame":21,"values":[0.9921,0,0.1258,0,0,1,0,0,-0.1258,0,0.9921,0,2.9436,0,0,1]},
{"frame":22,"values":[0.9815,0,0.1914,0,0,1,0,0,-0.1914,0,0.9815,0,2.9436,0,0,1]},
{"frame":23,"values":[0.9665,0,0.2566,0,0,1,0,0,-0.2566,0,0.9665,0,2.9436,0,0,1]},
{"frame":31,"values":[1,0,0,0,0,1,0,0,0,0,1,0,2.9436,0,0,1]},
{"frame":32,"values":[0.9815,0,0.1914,0,0,1,0,0,-0.1914,0,0.9815,0,2.9436,0,0,1]},
{"frame":33,"values":[0.9664,0,0.257,0,0,1,0,0,-0.257,0,0.9664,0,2.9436,0,0,1]},
{"frame":34,"values":[0.9563,0,0.2924,0,0,1,0,0,-0.2924,0,0.9563,0,2.9436,0,0,1]},
{"frame":35,"values":[0.961,0,0.2764,0,0,1,0,0,-0.2764,0,0.961,0,2.9436,0,0,1]},
{"frame":36,"values":[0.9725,0,0.2328,0,0,1,0,0,-0.2328,0,0.9725,0,2.9436,0,0,1]},
{"frame":37,"values":[0.9858,0,0.1677,0,0,1,0,0,-0.1677,0,0.9858,0,2.9436,0,0,1]},
{"frame":38,"values":[0.9961,0,0.0877,0,0,1,0,0,-0.0877,0,0.9961,0,2.9436,0,0,1]},
{"frame":39,"values":[1,0,0,0,0,1,0,0,0,0,1,0,2.9436,0,0,1]},
{"frame":40,"values":[0.9961,0,-0.0877,0,0,1,0,0,0.0877,0,0.9961,0,2.9436,0,0,1]},
{"frame":41,"values":[0.9858,0,-0.1677,0,0,1,0,0,0.1677,0,0.9858,0,2.9436,0,0,1]},
{"frame":42,"values":[0.9725,0,-0.2328,0,0,1,0,0,0.2328,0,0.9725,0,2.9436,0,0,1]},
{"frame":43,"values":[0.961,0,-0.2764,0,0,1,0,0,0.2764,0,0.961,0,2.9436,0,0,1]},
{"frame":44,"values":[0.9563,0,-0.2924,0,0,1,0,0,0.2924,0,0.9563,0,2.9436,0,0,1]},
{"frame":45,"values":[0.9605,0,-0.2784,0,0,1,0,0,0.2784,0,0.9605,0,2.9436,0,0,1]},
{"frame":46,"values":[0.9707,0,-0.2401,0,0,1,0,0,0.2401,0,0.9707,0,2.9436,0,0,1]},
{"frame":47,"values":[0.9832,0,-0.1826,0,0,1,0,0,0.1826,0,0.9832,0,2.9436,0,0,1]},
{"frame":48,"values":[0.9938,0,-0.1112,0,0,1,0,0,0.1112,0,0.9938,0,2.9436,0,0,1]},
{"frame":49,"values":[0.9995,0,-0.0317,0,0,1,0,0,0.0317,0,0.9995,0,2.9436,0,0,1]},
{"frame":50,"values":[0.9988,0,0.0494,0,0,1,0,0,-0.0494,0,0.9988,0,2.9436,0,0,1]},
{"frame":51,"values":[0.9921,0,0.1258,0,0,1,0,0,-0.1258,0,0.9921,0,2.9436,0,0,1]},
{"frame":52,"values":[0.9815,0,0.1914,0,0,1,0,0,-0.1914,0,0.9815,0,2.9436,0,0,1]},
{"frame":53,"values":[0.9665,0,0.2566,0,0,1,0,0,-0.2566,0,0.9665,0,2.9436,0,0,1]},
{"frame":54,"values":[0.9563,0,0.2924,0,0,1,0,0,-0.2924,0,0.9563,0,2.9436,0,0,1]},
{"frame":223,"values":[0.9563,0,0.2924,0,0,1,0,0,-0.2924,0,0.9563,0,2.9436,0,0,1]}],"loopBehavior":1,"name":"anim","property":"_matrix"}},
{"name":"xuong2:vay_tren","index":8,"matrix":[0.4593,0.8843,0.0846,0,-0.8838,0.4644,-0.0562,0,-0.089,-0.0489,0.9948,0,5.4557,4.0231,0,1],"rest":[0.4609,0.8874,0,0,-0.8874,0.4609,0,0,0,0,1,0,5.4557,4.0231,0,1],"parentBoneIndex":1,"length":2.9548
,"animation":{"dataType":3,"framePerSecond":30,"keys":[
{"frame":2,"values":[0.4555,0.8771,-0.1525,0,-0.8757,0.4723,0.1007,0,0.1603,0.0877,0.9832,0,5.4557,4.0231,0,1]},
{"frame":3,"values":[0.4552,0.8765,-0.1564,0,-0.875,0.4729,0.1032,0,0.1645,0.0899,0.9823,0,5.4557,4.0231,0,1]},
