{"producer":{"name":"Blender","version":"2.79 (sub 0)","exporter_version":"5.6.3","file":"Fish24.babylon"},
"autoClear":true,"clearColor":[0.0509,0.0509,0.0509],"ambientColor":[0,0,0],"gravity":[0,-9.81,0],
"materials":[{"name":"Fish24.ca_map_ho_texture_low","id":"Fish24.ca_map_ho_texture_low","ambient":[1,1,1],"diffuse":[0.8,0.8,0.8],"specular":[0.5,0.5,0.5],"emissive":[0,0,0],"specularPower":49,"alpha":1,"backFaceCulling":true,"checkReadyOnlyOnce":false,"maxSimultaneousLights":4, 
"diffuseTexture":{"name":"","level":1,"hasAlpha":1,"coordinatesMode":0,"uOffset":0,"vOffset":0,"uScale":1,"vScale":1,"uAng":0,"vAng":0,"wAng":0,"wrapU":1,"wrapV":1,"coordinatesIndex":0}}],
"multiMaterials":[],
"skeletons":[{"name":"Armature","id":0,"dimensionsAtRest":[301.5009,160.7222,189.7323],"bones":[
{"name":"xuong:Bip01","index":0,"matrix":[0.9999,0.0061,-0.0117,0,-0.0061,1,0.0001,0,-0.0117,0,-0.9999,0,0,0,0,1],"rest":[0.9999,0.0061,-0.0117,0,-0.0061,1,0.0001,0,-0.0117,0,-0.9999,0,0,0,0,1],"parentBoneIndex":-1,"length":16.6795
,"animation":{"dataType":3,"framePerSecond":24,"keys":[
{"frame":1,"values":[0.9999,0.0061,-0.0117,0,-0.0061,1,0.0001,0,-0.0117,0,-0.9999,0,0,0,0,1]},
{"frame":32,"values":[0.9999,0.0061,-0.0117,0,-0.0061,1,0.0001,0,-0.0117,0,-0.9999,0,0,0,0,1]},
{"frame":41,"values":[0.9999,0.0061,-0.0117,0,-0.0061,1,0.0001,0,-0.0117,0,-0.9999,0,0,0,0,1]},
{"frame":713,"values":[0.9999,0.0061,-0.0117,0,-0.0061,1,0.0001,0,-0.0117,0,-0.9999,0,0,0,0,1]}],"loopBehavior":1,"name":"anim","property":"_matrix"}},
{"name":"xuong:dau","index":1,"matrix":[0.9615,-0.2421,0.1303,0,0.2572,0.9595,-0.1152,0,-0.0971,0.1442,0.9848,0,16.7045,0,-0.1953,1],"rest":[0.9696,-0.2445,-0.0114,0,0.2445,0.9696,-0.0028,0,0.0117,-0.0001,0.9999,0,16.7045,0,-0.1953,1],"parentBoneIndex":0,"length":56.6968
,"animation":{"dataType":3,"framePerSecond":24,"keys":[
{"frame":1,"values":[0.9528,-0.2408,-0.1848,0,0.2672,0.9543,0.134,0,0.1441,-0.1771,0.9736,0,16.7045,0,-0.1953,1]},
{"frame":2,"values":[0.9529,-0.2408,-0.1841,0,0.267,0.9544,0.1335,0,0.1436,-0.1764,0.9738,0,16.7045,0,-0.1953,1]},
{"frame":3,"values":[0.954,-0.2411,-0.1781,0,0.2655,0.9555,0.1289,0,0.1391,-0.1703,0.9755,0,16.7045,0,-0.1953,1]},
{"frame":4,"values":[0.9563,-0.2416,-0.1649,0,0.2624,0.9576,0.1187,0,0.1292,-0.1568,0.9791,0,16.7045,0,-0.1953,1]},
{"frame":5,"values":[0.9592,-0.2423,-0.1455,0,0.2583,0.9605,0.1036,0,0.1146,-0.1369,0.9839,0,16.7045,0,-0.1953,1]},
{"frame":6,"values":[0.9625,-0.2431,-0.1201,0,0.2538,0.9636,0.0837,0,0.0954,-0.1111,0.9892,0,16.7045,0,-0.1953,1]},
{"frame":7,"values":[0.9656,-0.2438,-0.0909,0,0.2497,0.9664,0.0607,0,0.0731,-0.0813,0.994,0,16.7045,0,-0.1953,1]},
{"frame":8,"values":[0.9679,-0.2443,-0.0589,0,0.2466,0.9685,0.0352,0,0.0484,-0.0486,0.9976,0,16.7045,0,-0.1953,1]},
{"frame":9,"values":[0.9693,-0.2445,-0.0251,0,0.2448,0.9695,0.0082,0,0.0223,-0.0141,0.9997,0,16.7045,0,-0.1953,1]},
{"frame":10,"values":[0.9696,-0.2445,0.0092,0,0.2447,0.9694,-0.0192,0,-0.0042,0.0209,0.9998,0,16.7045,0,-0.1953,1]},
{"frame":11,"values":[0.9688,-0.2442,0.0428,0,0.2461,0.9681,-0.046,0,-0.0302,0.0551,0.998,0,16.7045,0,-0.1953,1]},
{"frame":12,"values":[0.967,-0.2437,0.0745,0,0.2489,0.9659,-0.0712,0,-0.0546,0.0874,0.9947,0,16.7045,0,-0.1953,1]},
{"frame":13,"values":[0.9645,-0.2429,0.1032,0,0.2526,0.963,-0.0939,0,-0.0766,0.1167,0.9902,0,16.7045,0,-0.1953,1]},
{"frame":14,"values":[0.9619,-0.2422,0.1271,0,0.2566,0.9599,-0.1127,0,-0.0947,0.141,0.9855,0,16.7045,0,-0.1953,1]},
{"frame":15,"values":[0.9594,-0.2415,0.1456,0,0.2602,0.9571,-0.1271,0,-0.1087,0.1598,0.9812,0,16.7045,0,-0.1953,1]},
{"frame":16,"values":[0.9576,-0.241,0.1577,0,0.2629,0.9551,-0.1364,0,-0.1178,0.1721,0.978,0,16.7045,0,-0.1953,1]},
{"frame":17,"values":[0.9569,-0.2408,0.1625,0,0.264,0.9543,-0.1401,0,-0.1213,0.1769,0.9767,0,16.7045,0,-0.1953,1]},
{"frame":18,"values":[0.9575,-0.241,0.1582,0,0.263,0.9551,-0.1368,0,-0.1181,0.1726,0.9779,0,16.7045,0,-0.1953,1]},
{"frame":19,"values":[0.9592,-0.2415,0.1472,0,0.2606,0.9569,-0.1283,0,-0.1098,0.1614,0.9808,0,16.7045,0,-0.1953,1]},
{"frame":20,"values":[0.9615,-0.2421,0.1303,0,0.2572,0.9595,-0.1152,0,-0.0971,0.1442,0.9848,0,16.7045,0,-0.1953,1]},
{"frame":21,"values":[0.964,-0.2428,0.1084,0,0.2534,0.9624,-0.0981,0,-0.0805,0.122,0.9893,0,16.7045,0,-0.1953,1]},
{"frame":22,"values":[0.9664,-0.2435,0.082,0,0.2498,0.9652,-0.0772,0,-0.0603,0.0951,0.9936,0,16.7045,0,-0.1953,1]},
{"frame":23,"values":[0.9683,-0.2441,0.0525,0,0.2468,0.9676,-0.0538,0,-0.0377,0.0651,0.9972,0,16.7045,0,-0.1953,1]},
{"frame":24,"values":[0.9694,-0.2445,0.0211,0,0.245,0.9691,-0.0288,0,-0.0134,0.0331,0.9994,0,16.7045,0,-0.1953,1]},
{"frame":25,"values":[0.9696,-0.2445,-0.0114,0,0.2445,0.9696,-0.0028,0,0.0117,-0.0001,0.9999,0,16.7045,0,-0.1953,1]},
{"frame":26,"values":[0.9687,-0.2445,-0.0438,0,0.2456,0.9691,0.0232,0,0.0368,-0.0332,0.9988,0,16.7045,0,-0.1953,1]},
{"frame":27,"values":[0.9668,-0.2441,-0.0752,0,0.248,0.9676,0.0482,0,0.061,-0.0652,0.996,0,16.7045,0,-0.1953,1]},
{"frame":28,"values":[0.9642,-0.2435,-0.1046,0,0.2515,0.9652,0.0715,0,0.0835,-0.0952,0.9919,0,16.7045,0,-0.1953,1]},
{"frame":29,"values":[0.9612,-0.2428,-0.131,0,0.2556,0.9624,0.0922,0,0.1036,-0.1221,0.9871,0,16.7045,0,-0.1953,1]},
{"frame":30,"values":[0.9582,-0.2421,-0.1528,0,0.2598,0.9595,0.1093,0,0.1201,-0.1444,0.9822,0,16.7045,0,-0.1953,1]},
{"frame":31,"values":[0.9555,-0.2414,-0.1696,0,0.2635,0.9569,0.1223,0,0.1327,-0.1615,0.9779,0,16.7045,0,-0.1953,1]},
{"frame":32,"values":[0.9536,-0.241,-0.1805,0,0.2661,0.955,0.1307,0,0.1409,-0.1727,0.9748,0,16.7045,0,-0.1953,1]},
{"frame":41,"values":[0.9528,-0.2408,-0.1848,0,0.2672,0.9543,0.134,0,0.1441,-0.1771,0.9736,0,16.7045,0,-0.1953,1]},
{"frame":42,"values":[0.9529,-0.2408,-0.1841,0,0.267,0.9544,0.1335,0,0.1436,-0.1764,0.9738,0,16.7045,0,-0.1953,1]},
{"frame":43,"values":[0.954,-0.2411,-0.1781,0,0.2655,0.9555,0.1289,0,0.1391,-0.1703,0.9755,0,16.7045,0,-0.1953,1]},
{"frame":44,"values":[0.9563,-0.2416,-0.1649,0,0.2624,0.9576,0.1187,0,0.1292,-0.1568,0.9791,0,16.7045,0,-0.1953,1]},
{"frame":45,"values":[0.9592,-0.2423,-0.1455,0,0.2583,0.9605,0.1036,0,0.1146,-0.1369,0.9839,0,16.7045,0,-0.1953,1]},
{"frame":46,"values":[0.9625,-0.2431,-0.1201,0,0.2538,0.9636,0.0837,0,0.0954,-0.1111,0.9892,0,16.7045,0,-0.1953,1]},
{"frame":47,"values":[0.9656,-0.2438,-0.0909,0,0.2497,0.9664,0.0607,0,0.0731,-0.0813,0.994,0,16.7045,0,-0.1953,1]},
{"frame":48,"values":[0.9679,-0.2443,-0.0589,0,0.2466,0.9685,0.0352,0,0.0484,-0.0486,0.9976,0,16.7045,0,-0.1953,1]},
{"frame":49,"values":[0.9693,-0.2445,-0.0251,0,0.2448,0.9695,0.0082,0,0.0223,-0.0141,0.9997,0,16.7045,0,-0.1953,1]},
{"frame":50,"values":[0.9696,-0.2445,0.0092,0,0.2447,0.9694,-0.0192,0,-0.0042,0.0209,0.9998,0,16.7045,0,-0.1953,1]},
{"frame":51,"values":[0.9688,-0.2442,0.0428,0,0.2461,0.9681,-0.046,0,-0.0302,0.0551,0.998,0,16.7045,0,-0.1953,1]},
{"frame":52,"values":[0.967,-0.2437,0.0745,0,0.2489,0.9659,-0.0712,0,-0.0546,0.0874,0.9947,0,16.7045,0,-0.1953,1]},
{"frame":53,"values":[0.9645,-0.2429,0.1032,0,0.2526,0.963,-0.0939,0,-0.0766,0.1167,0.9902,0,16.7045,0,-0.1953,1]},
{"frame":54,"values":[0.9619,-0.2422,0.1271,0,0.2566,0.9599,-0.1127,0,-0.0947,0.141,0.9855,0,16.7045,0,-0.1953,1]},
{"frame":55,"values":[0.9594,-0.2415,0.1456,0,0.2602,0.9571,-0.1271,0,-0.1087,0.1598,0.9812,0,16.7045,0,-0.1953,1]},
{"frame":56,"values":[0.9576,-0.241,0.1577,0,0.2629,0.9551,-0.1364,0,-0.1178,0.1721,0.978,0,16.7045,0,-0.1953,1]},
{"frame":57,"values":[0.9569,-0.2408,0.1625,0,0.264,0.9543,-0.1401,0,-0.1213,0.1769,0.9767,0,16.7045,0,-0.1953,1]},
{"frame":58,"values":[0.9575,-0.241,0.1582,0,0.263,0.9551,-0.1368,0,-0.1181,0.1726,0.9779,0,16.7045,0,-0.1953,1]},
{"frame":59,"values":[0.9592,-0.2415,0.1472,0,0.2606,0.9569,-0.1283,0,-0.1098,0.1614,0.9808,0,16.7045,0,-0.1953,1]},
{"frame":60,"values":[0.9615,-0.2421,0.1303,0,0.2572,0.9595,-0.1152,0,-0.0971,0.1442,0.9848,0,16.7045,0,-0.1953,1]},
{"frame":61,"values":[0.964,-0.2428,0.1084,0,0.2534,0.9624,-0.0981,0,-0.0805,0.122,0.9893,0,16.7045,0,-0.1953,1]},
{"frame":62,"values":[0.9664,-0.2435,0.082,0,0.2498,0.9652,-0.0772,0,-0.0603,0.0951,0.9936,0,16.7045,0,-0.1953,1]},
{"frame":63,"values":[0.9683,-0.2441,0.0525,0,0.2468,0.9676,-0.0538,0,-0.0377,0.0651,0.9972,0,16.7045,0,-0.1953,1]},
{"frame":64,"values":[0.9694,-0.2445,0.0211,0,0.245,0.9691,-0.0288,0,-0.0134,0.0331,0.9994,0,16.7045,0,-0.1953,1]},
{"frame":65,"values":[0.9696,-0.2445,-0.0114,0,0.2445,0.9696,-0.0028,0,0.0117,-0.0001,0.9999,0,16.7045,0,-0.1953,1]},
{"frame":66,"values":[0.9687,-0.2445,-0.0438,0,0.2456,0.9691,0.0232,0,0.0368,-0.0332,0.9988,0,16.7045,0,-0.1953,1]},
{"frame":67,"values":[0.9668,-0.2441,-0.0752,0,0.248,0.9676,0.0482,0,0.061,-0.0652,0.996,0,16.7045,0,-0.1953,1]},
{"frame":68,"values":[0.9642,-0.2435,-0.1046,0,0.2515,0.9652,0.0715,0,0.0835,-0.0952,0.9919,0,16.7045,0,-0.1953,1]},
{"frame":69,"values":[0.9612,-0.2428,-0.131,0,0.2556,0.9624,0.0922,0,0.1036,-0.1221,0.9871,0,16.7045,0,-0.1953,1]},
{"frame":70,"values":[0.9582,-0.2421,-0.1528,0,0.2598,0.9595,0.1093,0,0.1201,-0.1444,0.9822,0,16.7045,0,-0.1953,1]},
{"frame":71,"values":[0.9555,-0.2414,-0.1696,0,0.2635,0.9569,0.1223,0,0.1327,-0.1615,0.9779,0,16.7045,0,-0.1953,1]},
{"frame":72,"values":[0.9536,-0.241,-0.1805,0,0.2661,0.955,0.1307,0,0.1409,-0.1727,0.9748,0,16.7045,0,-0.1953,1]},
{"frame":73,"values":[0.9528,-0.2408,-0.1848,0,0.2672,0.9543,0.134,0,0.1441,-0.1771,0.9736,0,16.7045,0,-0.1953,1]},
{"frame":74,"values":[0.9536,-0.241,-0.1805,0,0.2661,0.955,0.1307,0,0.1409,-0.1727,0.9748,0,16.7045,0,-0.1953,1]},
{"frame":75,"values":[0.9555,-0.2414,-0.1696,0,0.2635,0.9569,0.1223,0,0.1327,-0.1615,0.9779,0,16.7045,0,-0.1953,1]},
{"frame":76,"values":[0.9582,-0.2421,-0.1528,0,0.2598,0.9595,0.1093,0,0.1201,-0.1444,0.9822,0,16.7045,0,-0.1953,1]},
{"frame":77,"values":[0.9612,-0.2428,-0.131,0,0.2556,0.9624,0.0922,0,0.1036,-0.1221,0.9871,0,16.7045,0,-0.1953,1]},
{"frame":78,"values":[0.9642,-0.2435,-0.1046,0,0.2515,0.9652,0.0715,0,0.0835,-0.0952,0.9919,0,16.7045,0,-0.1953,1]},
{"frame":79,"values":[0.9668,-0.2441,-0.0752,0,0.248,0.9676,0.0482,0,0.061,-0.0652,0.996,0,16.7045,0,-0.1953,1]},
{"frame":80,"values":[0.9687,-0.2445,-0.0438,0,0.2456,0.9691,0.0232,0,0.0368,-0.0332,0.9988,0,16.7045,0,-0.1953,1]},
{"frame":81,"values":[0.9696,-0.2445,-0.0114,0,0.2445,0.9696,-0.0028,0,0.0117,-0.0001,0.9999,0,16.7045,0,-0.1953,1]},
{"frame":82,"values":[0.9694,-0.2445,0.0211,0,0.245,0.9691,-0.0288,0,-0.0134,0.0331,0.9994,0,16.7045,0,-0.1953,1]},
{"frame":83,"values":[0.9683,-0.2441,0.0525,0,0.2468,0.9676,-0.0538,0,-0.0377,0.0651,0.9972,0,16.7045,0,-0.1953,1]},
{"frame":84,"values":[0.9664,-0.2435,0.082,0,0.2498,0.9652,-0.0772,0,-0.0603,0.0951,0.9936,0,16.7045,0,-0.1953,1]},
{"frame":85,"values":[0.964,-0.2428,0.1084,0,0.2534,0.9624,-0.0981,0,-0.0805,0.122,0.9893,0,16.7045,0,-0.1953,1]},
{"frame":86,"values":[0.9615,-0.2421,0.1303,0,0.2572,0.9595,-0.1152,0,-0.0971,0.1442,0.9848,0,16.7045,0,-0.1953,1]},
{"frame":87,"values":[0.9592,-0.2415,0.1472,0,0.2606,0.9569,-0.1283,0,-0.1098,0.1614,0.9808,0,16.7045,0,-0.1953,1]},
{"frame":88,"values":[0.9575,-0.241,0.1582,0,0.263,0.9551,-0.1368,0,-0.1181,0.1726,0.9779,0,16.7045,0,-0.1953,1]},
{"frame":89,"values":[0.9569,-0.2408,0.1625,0,0.264,0.9543,-0.1401,0,-0.1213,0.1769,0.9767,0,16.7045,0,-0.1953,1]},
{"frame":90,"values":[0.9575,-0.241,0.1582,0,0.263,0.9551,-0.1368,0,-0.1181,0.1726,0.9779,0,16.7045,0,-0.1953,1]},
{"frame":91,"values":[0.9592,-0.2415,0.1472,0,0.2606,0.9569,-0.1283,0,-0.1098,0.1614,0.9808,0,16.7045,0,-0.1953,1]},
{"frame":92,"values":[0.9615,-0.2421,0.1303,0,0.2572,0.9595,-0.1152,0,-0.0971,0.1442,0.9848,0,16.7045,0,-0.1953,1]},
{"frame":93,"values":[0.964,-0.2428,0.1084,0,0.2534,0.9624,-0.0981,0,-0.0805,0.122,0.9893,0,16.7045,0,-0.1953,1]},
{"frame":94,"values":[0.9664,-0.2435,0.082,0,0.2498,0.9652,-0.0772,0,-0.0603,0.0951,0.9936,0,16.7045,0,-0.1953,1]},
{"frame":95,"values":[0.9683,-0.2441,0.0525,0,0.2468,0.9676,-0.0538,0,-0.0377,0.0651,0.9972,0,16.7045,0,-0.1953,1]},
{"frame":96,"values":[0.9694,-0.2445,0.0211,0,0.245,0.9691,-0.0288,0,-0.0134,0.0331,0.9994,0,16.7045,0,-0.1953,1]},
{"frame":97,"values":[0.9696,-0.2445,-0.0114,0,0.2445,0.9696,-0.0028,0,0.0117,-0.0001,0.9999,0,16.7045,0,-0.1953,1]},
{"frame":98,"values":[0.9687,-0.2445,-0.0438,0,0.2456,0.9691,0.0232,0,0.0368,-0.0332,0.9988,0,16.7045,0,-0.1953,1]},
{"frame":99,"values":[0.9668,-0.2441,-0.0752,0,0.248,0.9676,0.0482,0,0.061,-0.0652,0.996,0,16.7045,0,-0.1953,1]},
{"frame":100,"values":[0.9642,-0.2435,-0.1046,0,0.2515,0.9652,0.0715,0,0.0835,-0.0952,0.9919,0,16.7045,0,-0.1953,1]},
{"frame":101,"values":[0.9612,-0.2428,-0.131,0,0.2556,0.9624,0.0922,0,0.1036,-0.1221,0.9871,0,16.7045,0,-0.1953,1]},
{"frame":102,"values":[0.9582,-0.2421,-0.1528,0,0.2598,0.9595,0.1093,0,0.1201,-0.1444,0.9822,0,16.7045,0,-0.1953,1]},
{"frame":103,"values":[0.9555,-0.2414,-0.1696,0,0.2635,0.9569,0.1223,0,0.1327,-0.1615,0.9779,0,16.7045,0,-0.1953,1]},
{"frame":104,"values":[0.9536,-0.241,-0.1805,0,0.2661,0.955,0.1307,0,0.1409,-0.1727,0.9748,0,16.7045,0,-0.1953,1]},
{"frame":105,"values":[0.9528,-0.2408,-0.1848,0,0.2672,0.9543,0.134,0,0.1441,-0.1771,0.9736,0,16.7045,0,-0.1953,1]},
{"frame":106,"values":[0.9536,-0.241,-0.1805,0,0.2661,0.955,0.1307,0,0.1409,-0.1727,0.9748,0,16.7045,0,-0.1953,1]},
{"frame":107,"values":[0.9555,-0.2414,-0.1696,0,0.2635,0.9569,0.1223,0,0.1327,-0.1615,0.9779,0,16.7045,0,-0.1953,1]},
{"frame":108,"values":[0.9582,-0.2421,-0.1528,0,0.2598,0.9595,0.1093,0,0.1201,-0.1444,0.9822,0,16.7045,0,-0.1953,1]},
{"frame":109,"values":[0.9612,-0.2428,-0.131,0,0.2556,0.9624,0.0922,0,0.1036,-0.1221,0.9871,0,16.7045,0,-0.1953,1]},
{"frame":110,"values":[0.9642,-0.2435,-0.1046,0,0.2515,0.9652,0.0715,0,0.0835,-0.0952,0.9919,0,16.7045,0,-0.1953,1]},
{"frame":111,"values":[0.9668,-0.2441,-0.0752,0,0.248,0.9676,0.0482,0,0.061,-0.0652,0.996,0,16.7045,0,-0.1953,1]},
{"frame":112,"values":[0.9687,-0.2445,-0.0438,0,0.2456,0.9691,0.0232,0,0.0368,-0.0332,0.9988,0,16.7045,0,-0.1953,1]},
{"frame":113,"values":[0.9696,-0.2445,-0.0114,0,0.2445,0.9696,-0.0028,0,0.0117,-0.0001,0.9999,0,16.7045,0,-0.1953,1]},
{"frame":114,"values":[0.9694,-0.2445,0.0211,0,0.245,0.9691,-0.0288,0,-0.0134,0.0331,0.9994,0,16.7045,0,-0.1953,1]},
{"frame":115,"values":[0.9683,-0.2441,0.0525,0,0.2468,0.9676,-0.0538,0,-0.0377,0.0651,0.9972,0,16.7045,0,-0.1953,1]},
{"frame":116,"values":[0.9664,-0.2435,0.082,0,0.2498,0.9652,-0.0772,0,-0.0603,0.0951,0.9936,0,16.7045,0,-0.1953,1]},
{"frame":117,"values":[0.964,-0.2428,0.1084,0,0.2534,0.9624,-0.0981,0,-0.0805,0.122,0.9893,0,16.7045,0,-0.1953,1]},
{"frame":118,"values":[0.9615,-0.2421,0.1303,0,0.2572,0.9595,-0.1152,0,-0.0971,0.1442,0.9848,0,16.7045,0,-0.1953,1]},
{"frame":119,"values":[0.9592,-0.2415,0.1472,0,0.2606,0.9569,-0.1283,0,-0.1098,0.1614,0.9808,0,16.7045,0,-0.1953,1]},
{"frame":120,"values":[0.9575,-0.241,0.1582,0,0.263,0.9551,-0.1368,0,-0.1181,0.1726,0.9779,0,16.7045,0,-0.1953,1]},
{"frame":121,"values":[0.9569,-0.2408,0.1625,0,0.264,0.9543,-0.1401,0,-0.1213,0.1769,0.9767,0,16.7045,0,-0.1953,1]},
{"frame":122,"values":[0.9575,-0.241,0.1582,0,0.263,0.9551,-0.1368,0,-0.1181,0.1726,0.9779,0,16.7045,0,-0.1953,1]},
{"frame":123,"values":[0.9592,-0.2415,0.1472,0,0.2606,0.9569,-0.1283,0,-0.1098,0.1614,0.9808,0,16.7045,0,-0.1953,1]},
{"frame":124,"values":[0.9615,-0.2421,0.1303,0,0.2572,0.9595,-0.1152,0,-0.0971,0.1442,0.9848,0,16.7045,0,-0.1953,1]},
{"frame":125,"values":[0.964,-0.2428,0.1084,0,0.2534,0.9624,-0.0981,0,-0.0805,0.122,0.9893,0,16.7045,0,-0.1953,1]},
{"frame":126,"values":[0.9664,-0.2435,0.082,0,0.2498,0.9652,-0.0772,0,-0.0603,0.0951,0.9936,0,16.7045,0,-0.1953,1]},
{"frame":127,"values":[0.9683,-0.2441,0.0525,0,0.2468,0.9676,-0.0538,0,-0.0377,0.0651,0.9972,0,16.7045,0,-0.1953,1]},
{"frame":128,"values":[0.9694,-0.2445,0.0211,0,0.245,0.9691,-0.0288,0,-0.0134,0.0331,0.9994,0,16.7045,0,-0.1953,1]},
{"frame":129,"values":[0.9696,-0.2445,-0.0114,0,0.2445,0.9696,-0.0028,0,0.0117,-0.0001,0.9999,0,16.7045,0,-0.1953,1]},
{"frame":130,"values":[0.9687,-0.2445,-0.0438,0,0.2456,0.9691,0.0232,0,0.0368,-0.0332,0.9988,0,16.7045,0,-0.1953,1]},
{"frame":131,"values":[0.9668,-0.2441,-0.0752,0,0.248,0.9676,0.0482,0,0.061,-0.0652,0.996,0,16.7045,0,-0.1953,1]},
{"frame":132,"values":[0.9642,-0.2435,-0.1046,0,0.2515,0.9652,0.0715,0,0.0835,-0.0952,0.9919,0,16.7045,0,-0.1953,1]},
{"frame":133,"values":[0.9612,-0.2428,-0.131,0,0.2556,0.9624,0.0922,0,0.1036,-0.1221,0.9871,0,16.7045,0,-0.1953,1]},
{"frame":134,"values":[0.9582,-0.2421,-0.1528,0,0.2598,0.9595,0.1093,0,0.1201,-0.1444,0.9822,0,16.7045,0,-0.1953,1]},
{"frame":135,"values":[0.9555,-0.2414,-0.1696,0,0.2635,0.9569,0.1223,0,0.1327,-0.1615,0.9779,0,16.7045,0,-0.1953,1]},
{"frame":136,"values":[0.9536,-0.241,-0.1805,0,0.2661,0.955,0.1307,0,0.1409,-0.1727,0.9748,0,16.7045,0,-0.1953,1]},
{"frame":137,"values":[0.9528,-0.2408,-0.1848,0,0.2672,0.9543,0.134,0,0.1441,-0.1771,0.9736,0,16.7045,0,-0.1953,1]},
{"frame":138,"values":[0.9536,-0.241,-0.1805,0,0.2661,0.955,0.1307,0,0.1409,-0.1727,0.9748,0,16.7045,0,-0.1953,1]},
{"frame":139,"values":[0.9555,-0.2414,-0.1696,0,0.2635,0.9569,0.1223,0,0.1327,-0.1615,0.9779,0,16.7045,0,-0.1953,1]},
{"frame":140,"values":[0.9582,-0.2421,-0.1528,0,0.2598,0.9595,0.1093,0,0.1201,-0.1444,0.9822,0,16.7045,0,-0.1953,1]},
{"frame":141,"values":[0.9612,-0.2428,-0.131,0,0.2556,0.9624,0.0922,0,0.1036,-0.1221,0.9871,0,16.7045,0,-0.1953,1]},
{"frame":142,"values":[0.9642,-0.2435,-0.1046,0,0.2515,0.9652,0.0715,0,0.0835,-0.0952,0.9919,0,16.7045,0,-0.1953,1]},
{"frame":143,"values":[0.9668,-0.2441,-0.0752,0,0.248,0.9676,0.0482,0,0.061,-0.0652,0.996,0,16.7045,0,-0.1953,1]},
{"frame":144,"values":[0.9687,-0.2445,-0.0438,0,0.2456,0.9691,0.0232,0,0.0368,-0.0332,0.9988,0,16.7045,0,-0.1953,1]},
{"frame":145,"values":[0.9696,-0.2445,-0.0114,0,0.2445,0.9696,-0.0028,0,0.0117,-0.0001,0.9999,0,16.7045,0,-0.1953,1]},
{"frame":146,"values":[0.9694,-0.2445,0.0211,0,0.245,0.9691,-0.0288,0,-0.0134,0.0331,0.9994,0,16.7045,0,-0.1953,1]},
{"frame":147,"values":[0.9683,-0.2441,0.0525,0,0.2468,0.9676,-0.0538,0,-0.0377,0.0651,0.9972,0,16.7045,0,-0.1953,1]},
{"frame":148,"values":[0.9664,-0.2435,0.082,0,0.2498,0.9652,-0.0772,0,-0.0603,0.0951,0.9936,0,16.7045,0,-0.1953,1]},
{"frame":149,"values":[0.964,-0.2428,0.1084,0,0.2534,0.9624,-0.0981,0,-0.0805,0.122,0.9893,0,16.7045,0,-0.1953,1]},
{"frame":150,"values":[0.9615,-0.2421,0.1303,0,0.2572,0.9595,-0.1152,0,-0.0971,0.1442,0.9848,0,16.7045,0,-0.1953,1]},
{"frame":151,"values":[0.9592,-0.2415,0.1472,0,0.2606,0.9569,-0.1283,0,-0.1098,0.1614,0.9808,0,16.7045,0,-0.1953,1]},
{"frame":152,"values":[0.9575,-0.241,0.1582,0,0.263,0.9551,-0.1368,0,-0.1181,0.1726,0.9779,0,16.7045,0,-0.1953,1]},
{"frame":153,"values":[0.9569,-0.2408,0.1625,0,0.264,0.9543,-0.1401,0,-0.1213,0.1769,0.9767,0,16.7045,0,-0.1953,1]},
{"frame":154,"values":[0.9575,-0.241,0.1582,0,0.263,0.9551,-0.1368,0,-0.1181,0.1726,0.9779,0,16.7045,0,-0.1953,1]},
{"frame":155,"values":[0.9592,-0.2415,0.1472,0,0.2606,0.9569,-0.1283,0,-0.1098,0.1614,0.9808,0,16.7045,0,-0.1953,1]},
{"frame":156,"values":[0.9615,-0.2421,0.1303,0,0.2572,0.9595,-0.1152,0,-0.0971,0.1442,0.9848,0,16.7045,0,-0.1953,1]},
{"frame":157,"values":[0.964,-0.2428,0.1084,0,0.2534,0.9624,-0.0981,0,-0.0805,0.122,0.9893,0,16.7045,0,-0.1953,1]},
{"frame":158,"values":[0.9664,-0.2435,0.082,0,0.2498,0.9652,-0.0772,0,-0.0603,0.0951,0.9936,0,16.7045,0,-0.1953,1]},
{"frame":159,"values":[0.9683,-0.2441,0.0525,0,0.2468,0.9676,-0.0538,0,-0.0377,0.0651,0.9972,0,16.7045,0,-0.1953,1]},
{"frame":160,"values":[0.9694,-0.2445,0.0211,0,0.245,0.9691,-0.0288,0,-0.0134,0.0331,0.9994,0,16.7045,0,-0.1953,1]},
{"frame":161,"values":[0.9696,-0.2445,-0.0114,0,0.2445,0.9696,-0.0028,0,0.0117,-0.0001,0.9999,0,16.7045,0,-0.1953,1]},
{"frame":162,"values":[0.9687,-0.2445,-0.0438,0,0.2456,0.9691,0.0232,0,0.0368,-0.0332,0.9988,0,16.7045,0,-0.1953,1]},
{"frame":163,"values":[0.9668,-0.2441,-0.0752,0,0.248,0.9676,0.0482,0,0.061,-0.0652,0.996,0,16.7045,0,-0.1953,1]},
{"frame":164,"values":[0.9642,-0.2435,-0.1046,0,0.2515,0.9652,0.0715,0,0.0835,-0.0952,0.9919,0,16.7045,0,-0.1953,1]},
{"frame":165,"values":[0.9612,-0.2428,-0.131,0,0.2556,0.9624,0.0922,0,0.1036,-0.1221,0.9871,0,16.7045,0,-0.1953,1]},
{"frame":166,"values":[0.9582,-0.2421,-0.1528,0,0.2598,0.9595,0.1093,0,0.1201,-0.1444,0.9822,0,16.7045,0,-0.1953,1]},
{"frame":167,"values":[0.9555,-0.2414,-0.1696,0,0.2635,0.9569,0.1223,0,0.1327,-0.1615,0.9779,0,16.7045,0,-0.1953,1]},
{"frame":168,"values":[0.9536,-0.241,-0.1805,0,0.2661,0.955,0.1307,0,0.1409,-0.1727,0.9748,0,16.7045,0,-0.1953,1]},
{"frame":169,"values":[0.9528,-0.2408,-0.1848,0,0.2672,0.9543,0.134,0,0.1441,-0.1771,0.9736,0,16.7045,0,-0.1953,1]},
{"frame":170,"values":[0.9536,-0.241,-0.1805,0,0.2661,0.955,0.1307,0,0.1409,-0.1727,0.9748,0,16.7045,0,-0.1953,1]},
{"frame":171,"values":[0.9555,-0.2414,-0.1696,0,0.2635,0.9569,0.1223,0,0.1327,-0.1615,0.9779,0,16.7045,0,-0.1953,1]},
{"frame":172,"values":[0.9582,-0.2421,-0.1528,0,0.2598,0.9595,0.1093,0,0.1201,-0.1444,0.9822,0,16.7045,0,-0.1953,1]},
{"frame":173,"values":[0.9612,-0.2428,-0.131,0,0.2556,0.9624,0.0922,0,0.1036,-0.1221,0.9871,0,16.7045,0,-0.1953,1]},
{"frame":174,"values":[0.9642,-0.2435,-0.1046,0,0.2515,0.9652,0.0715,0,0.0835,-0.0952,0.9919,0,16.7045,0,-0.1953,1]},
{"frame":175,"values":[0.9668,-0.2441,-0.0752,0,0.248,0.9676,0.0482,0,0.061,-0.0652,0.996,0,16.7045,0,-0.1953,1]},
{"frame":176,"values":[0.9687,-0.2445,-0.0438,0,0.2456,0.9691,0.0232,0,0.0368,-0.0332,0.9988,0,16.7045,0,-0.1953,1]},
{"frame":177,"values":[0.9696,-0.2445,-0.0114,0,0.2445,0.9696,-0.0028,0,0.0117,-0.0001,0.9999,0,16.7045,0,-0.1953,1]},
{"frame":178,"values":[0.9694,-0.2445,0.0211,0,0.245,0.9691,-0.0288,0,-0.0134,0.0331,0.9994,0,16.7045,0,-0.1953,1]},
{"frame":179,"values":[0.9683,-0.2441,0.0525,0,0.2468,0.9676,-0.0538,0,-0.0377,0.0651,0.9972,0,16.7045,0,-0.1953,1]},
{"frame":180,"values":[0.9664,-0.2435,0.082,0,0.2498,0.9652,-0.0772,0,-0.0603,0.0951,0.9936,0,16.7045,0,-0.1953,1]},
{"frame":181,"values":[0.964,-0.2428,0.1084,0,0.2534,0.9624,-0.0981,0,-0.0805,0.122,0.9893,0,16.7045,0,-0.1953,1]},
{"frame":182,"values":[0.9615,-0.2421,0.1303,0,0.2572,0.9595,-0.1152,0,-0.0971,0.1442,0.9848,0,16.7045,0,-0.1953,1]},
{"frame":183,"values":[0.9592,-0.2415,0.1472,0,0.2606,0.9569,-0.1283,0,-0.1098,0.1614,0.9808,0,16.7045,0,-0.1953,1]},
{"frame":184,"values":[0.9575,-0.241,0.1582,0,0.263,0.9551,-0.1368,0,-0.1181,0.1726,0.9779,0,16.7045,0,-0.1953,1]},
{"frame":185,"values":[0.9569,-0.2408,0.1625,0,0.264,0.9543,-0.1401,0,-0.1213,0.1769,0.9767,0,16.7045,0,-0.1953,1]},
{"frame":186,"values":[0.9576,-0.241,0.1577,0,0.2629,0.9551,-0.1364,0,-0.1178,0.1721,0.978,0,16.7045,0,-0.1953,1]},
{"frame":187,"values":[0.9594,-0.2415,0.1456,0,0.2602,0.9571,-0.1271,0,-0.1087,0.1598,0.9812,0,16.7045,0,-0.1953,1]},
{"frame":188,"values":[0.9619,-0.2422,0.1271,0,0.2566,0.9599,-0.1127,0,-0.0947,0.141,0.9855,0,16.7045,0,-0.1953,1]},
{"frame":189,"values":[0.9645,-0.2429,0.1032,0,0.2526,0.963,-0.0939,0,-0.0766,0.1167,0.9902,0,16.7045,0,-0.1953,1]},
{"frame":190,"values":[0.967,-0.2437,0.0745,0,0.2489,0.9659,-0.0712,0,-0.0546,0.0874,0.9947,0,16.7045,0,-0.1953,1]},
{"frame":191,"values":[0.9688,-0.2442,0.0428,0,0.2461,0.9681,-0.046,0,-0.0302,0.0551,0.998,0,16.7045,0,-0.1953,1]},
{"frame":192,"values":[0.9696,-0.2445,0.0092,0,0.2447,0.9694,-0.0192,0,-0.0042,0.0209,0.9998,0,16.7045,0,-0.1953,1]},
{"frame":193,"values":[0.9693,-0.2445,-0.0251,0,0.2448,0.9695,0.0082,0,0.0223,-0.0141,0.9997,0,16.7045,0,-0.1953,1]},
{"frame":194,"values":[0.9679,-0.2443,-0.0589,0,0.2466,0.9685,0.0352,0,0.0484,-0.0486,0.9976,0,16.7045,0,-0.1953,1]},
{"frame":195,"values":[0.9656,-0.2438,-0.0909,0,0.2497,0.9664,0.0607,0,0.0731,-0.0813,0.994,0,16.7045,0,-0.1953,1]},
{"frame":196,"values":[0.9625,-0.2431,-0.1201,0,0.2538,0.9636,0.0837,0,0.0954,-0.1111,0.9892,0,16.7045,0,-0.1953,1]},
{"frame":197,"values":[0.9592,-0.2423,-0.1455,0,0.2583,0.9605,0.1036,0,0.1146,-0.1369,0.9839,0,16.7045,0,-0.1953,1]},
{"frame":198,"values":[0.9563,-0.2416,-0.1649,0,0.2624,0.9576,0.1187,0,0.1292,-0.1568,0.9791,0,16.7045,0,-0.1953,1]},
{"frame":199,"values":[0.954,-0.2411,-0.1781,0,0.2655,0.9555,0.1289,0,0.1391,-0.1703,0.9755,0,16.7045,0,-0.1953,1]},
{"frame":200,"values":[0.9529,-0.2408,-0.1841,0,0.267,0.9544,0.1335,0,0.1436,-0.1764,0.9738,0,16.7045,0,-0.1953,1]},
{"frame":201,"values":[0.9641,-0.2434,-0.1058,0,0.2531,0.9632,0.0902,0,0.0799,-0.1138,0.9903,0,16.7045,0,-0.1953,1]},
{"frame":202,"values":[0.9596,-0.2444,0.1396,0,0.2533,0.9661,-0.05,0,-0.1226,0.0833,0.989,0,16.7045,0,-0.1953,1]},
{"frame":203,"values":[0.8922,-0.2265,0.3907,0,0.3168,0.9304,-0.1843,0,-0.3218,0.2882,0.9019,0,16.7045,0,-0.1953,1]},
{"frame":204,"values":[0.8285,-0.2077,0.5201,0,0.3769,0.8937,-0.2434,0,-0.4142,0.3977,0.8187,0,16.7045,0,-0.1953,1]},
{"frame":205,"values":[0.8253,-0.2066,0.5255,0,0.3812,0.8904,-0.2487,0,-0.4165,0.4056,0.8137,0,16.7045,0,-0.1953,1]},
{"frame":206,"values":[0.8321,-0.2084,0.514,0,0.3764,0.8928,-0.2475,0,-0.4073,0.3994,0.8213,0,16.7045,0,-0.1953,1]},
{"frame":207,"values":[0.8384,-0.21,0.5029,0,0.3719,0.895,-0.2463,0,-0.3984,0.3935,0.8285,0,16.7045,0,-0.1953,1]},
{"frame":208,"values":[0.8444,-0.2115,0.4922,0,0.3676,0.8971,-0.2451,0,-0.3898,0.3879,0.8353,0,16.7045,0,-0.1953,1]},
{"frame":209,"values":[0.8501,-0.213,0.4817,0,0.3634,0.8992,-0.2438,0,-0.3812,0.3823,0.8417,0,16.7045,0,-0.1953,1]},
{"frame":210,"values":[0.8555,-0.2144,0.4713,0,0.3594,0.9012,-0.2424,0,-0.3728,0.3767,0.848,0,16.7045,0,-0.1953,1]},
{"frame":211,"values":[0.8609,-0.2158,0.4608,0,0.3553,0.9032,-0.2408,0,-0.3642,0.371,0.8542,0,16.7045,0,-0.1953,1]},
{"frame":212,"values":[0.8662,-0.2171,0.4501,0,0.3511,0.9053,-0.239,0,-0.3556,0.3651,0.8604,0,16.7045,0,-0.1953,1]},
{"frame":213,"values":[0.8715,-0.2185,0.439,0,0.3469,0.9075,-0.2369,0,-0.3466,0.3588,0.8667,0,16.7045,0,-0.1953,1]},
{"frame":214,"values":[0.8769,-0.2199,0.4274,0,0.3424,0.9098,-0.2345,0,-0.3373,0.352,0.8731,0,16.7045,0,-0.1953,1]},
{"frame":215,"values":[0.8824,-0.2213,0.4151,0,0.3378,0.9123,-0.2316,0,-0.3274,0.3446,0.8798,0,16.7045,0,-0.1953,1]},
{"frame":216,"values":[0.8881,-0.2228,0.402,0,0.3329,0.9149,-0.2282,0,-0.317,0.3365,0.8867,0,16.7045,0,-0.1953,1]},
{"frame":217,"values":[0.8939,-0.2243,0.388,0,0.3277,0.9178,-0.2243,0,-0.3058,0.3277,0.8939,0,16.7045,0,-0.1953,1]},
{"frame":218,"values":[0.9,-0.2259,0.3727,0,0.3221,0.9209,-0.2196,0,-0.2936,0.3177,0.9016,0,16.7045,0,-0.1953,1]},
{"frame":219,"values":[0.9063,-0.2275,0.3561,0,0.3162,0.9242,-0.2142,0,-0.2804,0.3067,0.9095,0,16.7045,0,-0.1953,1]},
{"frame":220,"values":[0.9128,-0.2292,0.3381,0,0.31,0.9277,-0.2079,0,-0.266,0.2946,0.9179,0,16.7045,0,-0.1953,1]},
{"frame":221,"values":[0.9194,-0.2309,0.3185,0,0.3035,0.9315,-0.2006,0,-0.2503,0.2811,0.9264,0,16.7045,0,-0.1953,1]},
{"frame":222,"values":[0.9261,-0.2327,0.2968,0,0.2966,0.9355,-0.1921,0,-0.2329,0.266,0.9354,0,16.7045,0,-0.1953,1]},
{"frame":223,"values":[0.933,-0.2345,0.2731,0,0.2896,0.9396,-0.1824,0,-0.2139,0.2493,0.9445,0,16.7045,0,-0.1953,1]},
{"frame":224,"values":[0.9397,-0.2363,0.2473,0,0.2824,0.9439,-0.1713,0,-0.193,0.2309,0.9537,0,16.7045,0,-0.1953,1]},
{"frame":225,"values":[0.9462,-0.238,0.2192,0,0.2753,0.9482,-0.1588,0,-0.1701,0.2106,0.9627,0,16.7045,0,-0.1953,1]},
{"frame":226,"values":[0.9524,-0.2397,0.1882,0,0.2682,0.9525,-0.1444,0,-0.1447,0.1881,0.9714,0,16.7045,0,-0.1953,1]},
{"frame":227,"values":[0.9581,-0.2412,0.1546,0,0.2615,0.9566,-0.1283,0,-0.1169,0.1634,0.9796,0,16.7045,0,-0.1953,1]},
{"frame":228,"values":[0.9629,-0.2425,0.1181,0,0.2555,0.9605,-0.1104,0,-0.0867,0.1365,0.9868,0,16.7045,0,-0.1953,1]},
{"frame":229,"values":[0.9684,-0.2441,0.0507,0,0.2473,0.9662,-0.0728,0,-0.0312,0.0831,0.9961,0,16.7045,0,-0.1953,1]},
{"frame":230,"values":[0.9657,-0.2448,-0.0872,0,0.2465,0.9691,0.0098,0,0.0821,-0.0309,0.9961,0,16.7045,0,-0.1953,1]},
{"frame":231,"values":[0.9378,-0.2387,-0.252,0,0.272,0.9564,0.1063,0,0.2157,-0.1682,0.9619,0,16.7045,0,-0.1953,1]},
{"frame":232,"values":[0.8856,-0.2254,-0.406,0,0.322,0.9281,0.1871,0,0.3347,-0.2964,0.8945,0,16.7045,0,-0.1953,1]},
{"frame":233,"values":[0.8294,-0.2107,-0.5173,0,0.3736,0.8978,0.2334,0,0.4153,-0.3869,0.8233,0,16.7045,0,-0.1953,1]},
{"frame":234,"values":[0.8056,-0.2047,-0.556,0,0.3908,0.8889,0.2389,0,0.4454,-0.4097,0.7961,0,16.7045,0,-0.1953,1]},
{"frame":235,"values":[0.8008,-0.203,-0.5635,0,0.387,0.8934,0.2281,0,0.4572,-0.4007,0.794,0,16.7045,0,-0.1953,1]},
{"frame":236,"values":[0.8001,-0.2017,-0.565,0,0.377,0.9016,0.212,0,0.4666,-0.3827,0.7974,0,16.7045,0,-0.1953,1]},
{"frame":237,"values":[0.8031,-0.2008,-0.561,0,0.3618,0.9124,0.1913,0,0.4734,-0.3566,0.8054,0,16.7045,0,-0.1953,1]},
{"frame":238,"values":[0.8099,-0.2004,-0.5513,0,0.3417,0.9251,0.1656,0,0.4768,-0.3225,0.8177,0,16.7045,0,-0.1953,1]},
{"frame":239,"values":[0.8193,-0.2003,-0.5373,0,0.3186,0.9381,0.1361,0,0.4768,-0.2826,0.8324,0,16.7045,0,-0.1953,1]},
{"frame":240,"values":[0.8308,-0.2004,-0.5193,0,0.2936,0.9504,0.103,0,0.4728,-0.2381,0.8484,0,16.7045,0,-0.1953,1]},
{"frame":241,"values":[0.8438,-0.2006,-0.4977,0,0.268,0.9611,0.0671,0,0.4649,-0.19,0.8647,0,16.7045,0,-0.1953,1]},
{"frame":242,"values":[0.858,-0.2011,-0.4727,0,0.2431,0.9696,0.0288,0,0.4525,-0.1396,0.8807,0,16.7045,0,-0.1953,1]},
{"frame":243,"values":[0.8724,-0.2017,-0.4452,0,0.22,0.9754,-0.0107,0,0.4364,-0.0886,0.8954,0,16.7045,0,-0.1953,1]},
{"frame":244,"values":[0.8867,-0.2023,-0.4158,0,0.1996,0.9786,-0.0503,0,0.417,-0.0384,0.9081,0,16.7045,0,-0.1953,1]},
{"frame":245,"values":[0.9004,-0.2029,-0.3849,0,0.1827,0.9791,-0.0889,0,0.3949,0.0097,0.9187,0,16.7045,0,-0.1953,1]},
{"frame":246,"values":[0.913,-0.204,-0.3533,0,0.1703,0.9775,-0.1245,0,0.3707,0.0535,0.9272,0,16.7045,0,-0.1953,1]},
{"frame":247,"values":[0.9243,-0.2053,-0.3217,0,0.162,0.9743,-0.1562,0,0.3455,0.0922,0.9339,0,16.7045,0,-0.1953,1]},
{"frame":248,"values":[0.9342,-0.2069,-0.2908,0,0.158,0.9704,-0.1827,0,0.3199,0.1247,0.9392,0,16.7045,0,-0.1953,1]},
{"frame":249,"values":[0.9424,-0.2089,-0.2612,0,0.158,0.9664,-0.2028,0,0.2948,0.1498,0.9437,0,16.7045,0,-0.1953,1]},
{"frame":250,"values":[0.9489,-0.2117,-0.2342,0,0.1622,0.9633,-0.2138,0,0.2709,0.1649,0.9484,0,16.7045,0,-0.1953,1]},
{"frame":251,"values":[0.9534,-0.2201,-0.2064,0,0.1858,0.9672,-0.1731,0,0.2378,0.1266,0.963,0,16.7045,0,-0.1953,1]},
{"frame":252,"values":[0.9544,-0.2463,-0.169,0,0.2533,0.9672,0.0211,0,0.1582,-0.0629,0.9854,0,16.7045,0,-0.1953,1]},
{"frame":253,"values":[0.9516,-0.2798,-0.1271,0,0.3046,0.9133,0.2704,0,0.0405,-0.2961,0.9543,0,16.7045,0,-0.1953,1]},
{"frame":254,"values":[0.9516,-0.2929,-0.0927,0,0.3067,0.8882,0.3421,0,-0.0179,-0.354,0.9351,0,16.7045,0,-0.1953,1]},
{"frame":255,"values":[0.9571,-0.2823,-0.0659,0,0.2899,0.9325,0.2154,0,0.0006,-0.2253,0.9743,0,16.7045,0,-0.1953,1]},
{"frame":256,"values":[0.9643,-0.2612,-0.0442,0,0.2623,0.9648,0.0196,0,0.0375,-0.0305,0.9988,0,16.7045,0,-0.1953,1]},
{"frame":257,"values":[0.9692,-0.2445,-0.0279,0,0.2411,0.9662,-0.0917,0,0.0493,0.0821,0.9954,0,16.7045,0,-0.1953,1]},
{"frame":258,"values":[0.9702,-0.241,-0.0239,0,0.2409,0.9705,-0.0043,0,0.0242,-0.0016,0.9997,0,16.7045,0,-0.1953,1]},
{"frame":259,"values":[0.9701,-0.2423,-0.0167,0,0.242,0.9586,0.1503,0,-0.0204,-0.1499,0.9885,0,16.7045,0,-0.1953,1]},
{"frame":260,"values":[0.9696,-0.2442,-0.012,0,0.2393,0.9375,0.2525,0,-0.0504,-0.2477,0.9675,0,16.7045,0,-0.1953,1]},
{"frame":261,"values":[0.9692,-0.2445,-0.0312,0,0.2446,0.9387,0.2431,0,-0.0301,-0.2432,0.9695,0,16.7045,0,-0.1953,1]},
{"frame":262,"values":[0.9661,-0.2436,-0.085,0,0.2553,0.9506,0.1764,0,0.0378,-0.1921,0.9806,0,16.7045,0,-0.1953,1]},
{"frame":263,"values":[0.962,-0.2429,-0.1248,0,0.2574,0.9591,0.1175,0,0.0912,-0.1451,0.9852,0,16.7045,0,-0.1953,1]},
{"frame":264,"values":[0.9614,-0.2428,-0.1294,0,0.2554,0.9625,0.0913,0,0.1024,-0.1208,0.9874,0,16.7045,0,-0.1953,1]},
{"frame":265,"values":[0.9624,-0.243,-0.1216,0,0.2531,0.9645,0.0755,0,0.099,-0.1034,0.9897,0,16.7045,0,-0.1953,1]},
{"frame":266,"values":[0.9635,-0.2433,-0.1115,0,0.2509,0.9662,0.0598,0,0.0932,-0.0856,0.992,0,16.7045,0,-0.1953,1]},
{"frame":267,"values":[0.9648,-0.2436,-0.0996,0,0.2489,0.9675,0.0445,0,0.0855,-0.0677,0.994,0,16.7045,0,-0.1953,1]},
{"frame":268,"values":[0.966,-0.2439,-0.0861,0,0.2471,0.9685,0.0294,0,0.0763,-0.0497,0.9958,0,16.7045,0,-0.1953,1]},
{"frame":269,"values":[0.9671,-0.2441,-0.0714,0,0.2457,0.9692,0.0147,0,0.0657,-0.0317,0.9973,0,16.7045,0,-0.1953,1]},
{"frame":270,"values":[0.9681,-0.2443,-0.0556,0,0.2447,0.9696,0.0005,0,0.0538,-0.014,0.9985,0,16.7045,0,-0.1953,1]},
{"frame":271,"values":[0.9689,-0.2445,-0.0391,0,0.2441,0.9697,-0.0132,0,0.0411,0.0033,0.9991,0,16.7045,0,-0.1953,1]},
{"frame":272,"values":[0.9694,-0.2445,-0.0221,0,0.2439,0.9694,-0.0263,0,0.0279,0.0201,0.9994,0,16.7045,0,-0.1953,1]},
{"frame":273,"values":[0.9696,-0.2445,-0.005,0,0.2442,0.969,-0.0387,0,0.0143,0.0363,0.9992,0,16.7045,0,-0.1953,1]},
{"frame":274,"values":[0.9696,-0.2445,0.0119,0,0.2448,0.9683,-0.0502,0,0.0007,0.0516,0.9987,0,16.7045,0,-0.1953,1]},
{"frame":275,"values":[0.9693,-0.2444,0.0284,0,0.2457,0.9674,-0.0608,0,-0.0126,0.0659,0.9977,0,16.7045,0,-0.1953,1]},
{"frame":276,"values":[0.9687,-0.2442,0.0442,0,0.2468,0.9665,-0.0705,0,-0.0255,0.0793,0.9965,0,16.7045,0,-0.1953,1]},
{"frame":277,"values":[0.968,-0.2439,0.0591,0,0.2481,0.9655,-0.0793,0,-0.0377,0.0914,0.9951,0,16.7045,0,-0.1953,1]},
{"frame":278,"values":[0.9671,-0.2437,0.0724,0,0.2495,0.9645,-0.0868,0,-0.0487,0.1021,0.9936,0,16.7045,0,-0.1953,1]},
{"frame":279,"values":[0.9663,-0.2434,0.0843,0,0.2509,0.9635,-0.0933,0,-0.0585,0.1113,0.9921,0,16.7045,0,-0.1953,1]},
{"frame":280,"values":[0.9654,-0.2432,0.0943,0,0.2521,0.9627,-0.0985,0,-0.0668,0.1189,0.9907,0,16.7045,0,-0.1953,1]},
{"frame":281,"values":[0.9646,-0.243,0.1023,0,0.2532,0.962,-0.1026,0,-0.0734,0.1249,0.9895,0,16.7045,0,-0.1953,1]},
{"frame":282,"values":[0.9641,-0.2428,0.1075,0,0.2539,0.9615,-0.1052,0,-0.0778,0.1287,0.9886,0,16.7045,0,-0.1953,1]},
{"frame":283,"values":[0.9638,-0.2427,0.1101,0,0.2542,0.9613,-0.1064,0,-0.08,0.1306,0.9882,0,16.7045,0,-0.1953,1]},
{"frame":284,"values":[0.9638,-0.2427,0.1104,0,0.2543,0.9612,-0.1065,0,-0.0803,0.1307,0.9882,0,16.7045,0,-0.1953,1]},
{"frame":285,"values":[0.9639,-0.2428,0.1095,0,0.2541,0.9614,-0.1058,0,-0.0796,0.1298,0.9883,0,16.7045,0,-0.1953,1]},
{"frame":286,"values":[0.9641,-0.2428,0.1078,0,0.2539,0.9616,-0.1044,0,-0.0783,0.128,0.9887,0,16.7045,0,-0.1953,1]},
{"frame":287,"values":[0.9643,-0.2429,0.1053,0,0.2535,0.9619,-0.1024,0,-0.0764,0.1254,0.9892,0,16.7045,0,-0.1953,1]},
{"frame":288,"values":[0.9646,-0.243,0.1022,0,0.253,0.9623,-0.0998,0,-0.074,0.1221,0.9897,0,16.7045,0,-0.1953,1]},
{"frame":289,"values":[0.965,-0.2431,0.0983,0,0.2524,0.9628,-0.0967,0,-0.0712,0.1182,0.9904,0,16.7045,0,-0.1953,1]},
{"frame":290,"values":[0.9654,-0.2432,0.0938,0,0.2517,0.9633,-0.0931,0,-0.0677,0.1135,0.9912,0,16.7045,0,-0.1953,1]},
{"frame":291,"values":[0.9659,-0.2433,0.0887,0,0.251,0.9639,-0.0889,0,-0.0638,0.1081,0.9921,0,16.7045,0,-0.1953,1]},
{"frame":292,"values":[0.9664,-0.2435,0.083,0,0.2502,0.9645,-0.0843,0,-0.0595,0.1022,0.993,0,16.7045,0,-0.1953,1]},
{"frame":293,"values":[0.9668,-0.2436,0.0768,0,0.2495,0.9651,-0.0793,0,-0.0548,0.0958,0.9939,0,16.7045,0,-0.1953,1]},
{"frame":294,"values":[0.9673,-0.2437,0.0701,0,0.2487,0.9658,-0.0738,0,-0.0497,0.0888,0.9948,0,16.7045,0,-0.1953,1]},
{"frame":295,"values":[0.9678,-0.2439,0.0629,0,0.2479,0.9664,-0.0679,0,-0.0442,0.0813,0.9957,0,16.7045,0,-0.1953,1]},
{"frame":296,"values":[0.9682,-0.244,0.0553,0,0.2472,0.967,-0.0617,0,-0.0384,0.0734,0.9966,0,16.7045,0,-0.1953,1]},
{"frame":297,"values":[0.9686,-0.2441,0.0474,0,0.2466,0.9676,-0.0552,0,-0.0324,0.0651,0.9974,0,16.7045,0,-0.1953,1]},
{"frame":298,"values":[0.9689,-0.2442,0.039,0,0.246,0.9681,-0.0483,0,-0.026,0.0564,0.9981,0,16.7045,0,-0.1953,1]},
{"frame":299,"values":[0.9692,-0.2443,0.0304,0,0.2454,0.9685,-0.0412,0,-0.0193,0.0474,0.9987,0,16.7045,0,-0.1953,1]},
{"frame":300,"values":[0.9694,-0.2444,0.0215,0,0.245,0.9689,-0.0339,0,-0.0125,0.0381,0.9992,0,16.7045,0,-0.1953,1]},
{"frame":301,"values":[0.9696,-0.2445,0.0123,0,0.2447,0.9692,-0.0264,0,-0.0055,0.0286,0.9996,0,16.7045,0,-0.1953,1]},
{"frame":302,"values":[0.9696,-0.2445,0.003,0,0.2445,0.9695,-0.0187,0,0.0017,0.0189,0.9998,0,16.7045,0,-0.1953,1]},
{"frame":303,"values":[0.9696,-0.2445,-0.0065,0,0.2445,0.9696,-0.0109,0,0.009,0.009,0.9999,0,16.7045,0,-0.1953,1]},
{"frame":304,"values":[0.9695,-0.2445,-0.0161,0,0.2445,0.9696,-0.003,0,0.0164,-0.0011,0.9999,0,16.7045,0,-0.1953,1]},
{"frame":305,"values":[0.9693,-0.2445,-0.0258,0,0.2447,0.9696,0.005,0,0.0238,-0.0112,0.9997,0,16.7045,0,-0.1953,1]},
{"frame":306,"values":[0.969,-0.2445,-0.0356,0,0.245,0.9694,0.013,0,0.0313,-0.0214,0.9993,0,16.7045,0,-0.1953,1]},
{"frame":307,"values":[0.9686,-0.2444,-0.0453,0,0.2455,0.9692,0.0211,0,0.0388,-0.0315,0.9988,0,16.7045,0,-0.1953,1]},
{"frame":308,"values":[0.9681,-0.2443,-0.055,0,0.2461,0.9688,0.029,0,0.0462,-0.0417,0.9981,0,16.7045,0,-0.1953,1]},
{"frame":309,"values":[0.9676,-0.2442,-0.0647,0,0.2468,0.9683,0.037,0,0.0536,-0.0517,0.9972,0,16.7045,0,-0.1953,1]},
{"frame":310,"values":[0.9669,-0.2441,-0.0742,0,0.2477,0.9678,0.0448,0,0.0609,-0.0617,0.9962,0,16.7045,0,-0.1953,1]},
{"frame":311,"values":[0.9662,-0.2439,-0.0836,0,0.2487,0.9672,0.0524,0,0.068,-0.0715,0.9951,0,16.7045,0,-0.1953,1]},
{"frame":312,"values":[0.9654,-0.2437,-0.0928,0,0.2497,0.9665,0.06,0,0.075,-0.0811,0.9939,0,16.7045,0,-0.1953,1]},
{"frame":313,"values":[0.9645,-0.2435,-0.1018,0,0.2509,0.9657,0.0673,0,0.0819,-0.0904,0.9925,0,16.7045,0,-0.1953,1]},
{"frame":314,"values":[0.9636,-0.2433,-0.1104,0,0.2521,0.9648,0.0744,0,0.0885,-0.0995,0.9911,0,16.7045,0,-0.1953,1]},
{"frame":315,"values":[0.9627,-0.2431,-0.1188,0,0.2534,0.9639,0.0812,0,0.0948,-0.1083,0.9896,0,16.7045,0,-0.1953,1]},
{"frame":316,"values":[0.9617,-0.2429,-0.1269,0,0.2548,0.963,0.0877,0,0.1009,-0.1167,0.988,0,16.7045,0,-0.1953,1]},
{"frame":317,"values":[0.9607,-0.2427,-0.1346,0,0.2562,0.9621,0.0939,0,0.1067,-0.1247,0.9864,0,16.7045,0,-0.1953,1]},
{"frame":318,"values":[0.9597,-0.2424,-0.1419,0,0.2575,0.9611,0.0998,0,0.1122,-0.1323,0.9848,0,16.7045,0,-0.1953,1]},
{"frame":319,"values":[0.9588,-0.2422,-0.1487,0,0.2589,0.9602,0.1053,0,0.1173,-0.1395,0.9833,0,16.7045,0,-0.1953,1]},
{"frame":320,"values":[0.9578,-0.242,-0.1551,0,0.2602,0.9592,0.1104,0,0.1221,-0.1461,0.9817,0,16.7045,0,-0.1953,1]},
{"frame":321,"values":[0.9569,-0.2418,-0.161,0,0.2615,0.9583,0.1151,0,0.1265,-0.1522,0.9802,0,16.7045,0,-0.1953,1]},
{"frame":322,"values":[0.956,-0.2416,-0.1662,0,0.2627,0.9575,0.1193,0,0.1304,-0.1577,0.9788,0,16.7045,0,-0.1953,1]},
{"frame":323,"values":[0.9553,-0.2414,-0.1709,0,0.2638,0.9567,0.123,0,0.1338,-0.1626,0.9776,0,16.7045,0,-0.1953,1]},
{"frame":324,"values":[0.9546,-0.2412,-0.175,0,0.2647,0.956,0.1263,0,0.1369,-0.1669,0.9764,0,16.7045,0,-0.1953,1]},
{"frame":325,"values":[0.954,-0.2411,-0.1785,0,0.2656,0.9554,0.129,0,0.1394,-0.1705,0.9755,0,16.7045,0,-0.1953,1]},
{"frame":326,"values":[0.9535,-0.241,-0.1812,0,0.2662,0.9549,0.1311,0,0.1414,-0.1732,0.9747,0,16.7045,0,-0.1953,1]},
{"frame":327,"values":[0.9531,-0.2409,-0.1831,0,0.2667,0.9546,0.1327,0,0.1428,-0.1753,0.9741,0,16.7045,0,-0.1953,1]},
{"frame":328,"values":[0.9529,-0.2408,-0.1844,0,0.2671,0.9544,0.1336,0,0.1438,-0.1766,0.9737,0,16.7045,0,-0.1953,1]},
{"frame":329,"values":[0.9528,-0.2408,-0.1848,0,0.2672,0.9543,0.134,0,0.1441,-0.1771,0.9736,0,16.7045,0,-0.1953,1]},
{"frame":713,"values":[0.9528,-0.2408,-0.1848,0,0.2672,0.9543,0.134,0,0.1441,-0.1771,0.9736,0,16.7045,0,-0.1953,1]}],"loopBehavior":1,"name":"anim","property":"_matrix"}},
{"name":"xuong:ham_tren","index":2,"matrix":[1,0,0,0,0,1,0,0,0,0,1,0,94.9214,0,0,1],"rest":[1,0,0,0,0,1,0,0,0,0,1,0,94.9213,0,0,1],"parentBoneIndex":1,"length":56.6968
,"animation":{"dataType":3,"framePerSecond":24,"keys":[
{"frame":1,"values":[1,0,0,0,0,1,0,0,0,0,1,0,94.9213,0,0,1]},
{"frame":2,"values":[1,0,0,0,0,1,0,0,0,0,1,0,94.9214,0,0,1]},
{"frame":7,"values":[1,0,0,0,0,1,0,0,0,0,1,0,94.9213,0,0,1]},
