{"producer":{"name":"Blender","version":"2.79 (sub 0)","exporter_version":"5.6.3","file":"Fish18.babylon"},
"autoClear":true,"clearColor":[0.0509,0.0509,0.0509],"ambientColor":[0,0,0],"gravity":[0,-9.81,0],
"materials":[{"name":"Fish18.ca_ngua_texture_low","id":"Fish18.ca_ngua_texture_low","ambient":[1,1,1],"diffuse":[0.8,0.8,0.8],"specular":[0.5,0.5,0.5],"emissive":[0,0,0],"specularPower":49,"alpha":1,"backFaceCulling":true,"checkReadyOnlyOnce":false,"maxSimultaneousLights":4, 
"diffuseTexture":{"name":"","level":1,"hasAlpha":1,"coordinatesMode":0,"uOffset":0,"vOffset":0,"uScale":1,"vScale":1,"uAng":0,"vAng":0,"wAng":0,"wrapU":1,"wrapV":1,"coordinatesIndex":0}}],
"multiMaterials":[],
"skeletons":[{"name":"Armature","id":0,"dimensionsAtRest":[34.122,54.2969,26.9169],"bones":[
{"name":"xuong:Bip01","index":0,"matrix":[-0.4329,0.9014,0,0,0.9014,0.4329,0,0,0,0,1,0,0,-5,0,1],"rest":[-0.4329,0.9014,0,0,0.9014,0.4329,0,0,0,0,1,0,0,0,0,1],"parentBoneIndex":-1,"length":5.5757
,"animation":{"dataType":3,"framePerSecond":30,"keys":[
{"frame":1,"values":[-0.4329,0.9014,0,0,0.9014,0.4329,0,0,0,0,1,0,0,-5,0,1]},
{"frame":3,"values":[-0.4329,0.9014,0,0,0.9014,0.4329,0,0,0,0,1,0,0,-4.9198,0,1]},
{"frame":4,"values":[-0.4329,0.9014,0,0,0.9014,0.4329,0,0,0,0,1,0,0,-4.6909,0,1]},
{"frame":5,"values":[-0.4329,0.9014,0,0,0.9014,0.4329,0,0,0,0,1,0,0,-4.3308,0,1]},
{"frame":6,"values":[-0.4329,0.9014,0,0,0.9014,0.4329,0,0,0,0,1,0,0,-3.857,0,1]},
{"frame":7,"values":[-0.4329,0.9014,0,0,0.9014,0.4329,0,0,0,0,1,0,0,-3.2869,0,1]},
{"frame":8,"values":[-0.4329,0.9014,0,0,0.9014,0.4329,0,0,0,0,1,0,0,-2.6381,0,1]},
{"frame":9,"values":[-0.4329,0.9014,0,0,0.9014,0.4329,0,0,0,0,1,0,0,-1.9281,0,1]},
{"frame":10,"values":[-0.4329,0.9014,0,0,0.9014,0.4329,0,0,0,0,1,0,0,-1.1744,0,1]},
{"frame":11,"values":[-0.4329,0.9014,0,0,0.9014,0.4329,0,0,0,0,1,0,0,-0.3944,0,1]},
{"frame":12,"values":[-0.4329,0.9014,0,0,0.9014,0.4329,0,0,0,0,1,0,0,0.3944,0,1]},
{"frame":13,"values":[-0.4329,0.9014,0,0,0.9014,0.4329,0,0,0,0,1,0,0,1.1744,0,1]},
{"frame":14,"values":[-0.4329,0.9014,0,0,0.9014,0.4329,0,0,0,0,1,0,0,1.9281,0,1]},
{"frame":15,"values":[-0.4329,0.9014,0,0,0.9014,0.4329,0,0,0,0,1,0,0,2.6381,0,1]},
{"frame":16,"values":[-0.4329,0.9014,0,0,0.9014,0.4329,0,0,0,0,1,0,0,3.2869,0,1]},
{"frame":17,"values":[-0.4329,0.9014,0,0,0.9014,0.4329,0,0,0,0,1,0,0,3.857,0,1]},
{"frame":18,"values":[-0.4329,0.9014,0,0,0.9014,0.4329,0,0,0,0,1,0,0,4.3308,0,1]},
{"frame":19,"values":[-0.4329,0.9014,0,0,0.9014,0.4329,0,0,0,0,1,0,0,4.6909,0,1]},
{"frame":20,"values":[-0.4329,0.9014,0,0,0.9014,0.4329,0,0,0,0,1,0,0,4.9198,0,1]},
{"frame":21,"values":[-0.4329,0.9014,0,0,0.9014,0.4329,0,0,0,0,1,0,0,5,0,1]},
{"frame":22,"values":[-0.4329,0.9014,0,0,0.9014,0.4329,0,0,0,0,1,0,0,4.9275,0,1]},
{"frame":23,"values":[-0.4329,0.9014,0,0,0.9014,0.4329,0,0,0,0,1,0,0,4.72,0,1]},
{"frame":24,"values":[-0.4329,0.9014,0,0,0.9014,0.4329,0,0,0,0,1,0,0,4.3925,0,1]},
{"frame":25,"values":[-0.4329,0.9014,0,0,0.9014,0.4329,0,0,0,0,1,0,0,3.96,0,1]},
{"frame":26,"values":[-0.4329,0.9014,0,0,0.9014,0.4329,0,0,0,0,1,0,0,3.4375,0,1]},
{"frame":27,"values":[-0.4329,0.9014,0,0,0.9014,0.4329,0,0,0,0,1,0,0,2.84,0,1]},
{"frame":28,"values":[-0.4329,0.9014,0,0,0.9014,0.4329,0,0,0,0,1,0,0,2.1825,0,1]},
{"frame":29,"values":[-0.4329,0.9014,0,0,0.9014,0.4329,0,0,0,0,1,0,0,1.48,0,1]},
{"frame":30,"values":[-0.4329,0.9014,0,0,0.9014,0.4329,0,0,0,0,1,0,0,0.7475,0,1]},
{"frame":31,"values":[-0.4329,0.9014,0,0,0.9014,0.4329,0,0,0,0,1,0,0,0,0,1]},
{"frame":32,"values":[-0.4329,0.9014,0,0,0.9014,0.4329,0,0,0,0,1,0,0,-0.7475,0,1]},
{"frame":33,"values":[-0.4329,0.9014,0,0,0.9014,0.4329,0,0,0,0,1,0,0,-1.48,0,1]},
{"frame":34,"values":[-0.4329,0.9014,0,0,0.9014,0.4329,0,0,0,0,1,0,0,-2.1825,0,1]},
{"frame":35,"values":[-0.4329,0.9014,0,0,0.9014,0.4329,0,0,0,0,1,0,0,-2.84,0,1]},
{"frame":36,"values":[-0.4329,0.9014,0,0,0.9014,0.4329,0,0,0,0,1,0,0,-3.4375,0,1]},
{"frame":37,"values":[-0.4329,0.9014,0,0,0.9014,0.4329,0,0,0,0,1,0,0,-3.96,0,1]},
{"frame":38,"values":[-0.4329,0.9014,0,0,0.9014,0.4329,0,0,0,0,1,0,0,-4.3925,0,1]},
{"frame":39,"values":[-0.4329,0.9014,0,0,0.9014,0.4329,0,0,0,0,1,0,0,-4.72,0,1]},
{"frame":51,"values":[-0.4329,0.9014,0,0,0.9014,0.4329,0,0,0,0,1,0,0,-5,0,1]},
{"frame":53,"values":[-0.4329,0.9014,0,0,0.9014,0.4329,0,0,0,0,1,0,0,-4.9198,0,1]},
{"frame":54,"values":[-0.4329,0.9014,0,0,0.9014,0.4329,0,0,0,0,1,0,0,-4.6909,0,1]},
{"frame":55,"values":[-0.4329,0.9014,0,0,0.9014,0.4329,0,0,0,0,1,0,0,-4.3308,0,1]},
{"frame":56,"values":[-0.4329,0.9014,0,0,0.9014,0.4329,0,0,0,0,1,0,0,-3.857,0,1]},
{"frame":57,"values":[-0.4329,0.9014,0,0,0.9014,0.4329,0,0,0,0,1,0,0,-3.2869,0,1]},
{"frame":58,"values":[-0.4329,0.9014,0,0,0.9014,0.4329,0,0,0,0,1,0,0,-2.6381,0,1]},
{"frame":59,"values":[-0.4329,0.9014,0,0,0.9014,0.4329,0,0,0,0,1,0,0,-1.9281,0,1]},
{"frame":60,"values":[-0.4329,0.9014,0,0,0.9014,0.4329,0,0,0,0,1,0,0,-1.1744,0,1]},
{"frame":61,"values":[-0.4329,0.9014,0,0,0.9014,0.4329,0,0,0,0,1,0,0,-0.3944,0,1]},
{"frame":62,"values":[-0.4329,0.9014,0,0,0.9014,0.4329,0,0,0,0,1,0,0,0.3944,0,1]},
{"frame":63,"values":[-0.4329,0.9014,0,0,0.9014,0.4329,0,0,0,0,1,0,0,1.1744,0,1]},
{"frame":64,"values":[-0.4329,0.9014,0,0,0.9014,0.4329,0,0,0,0,1,0,0,1.9281,0,1]},
{"frame":65,"values":[-0.4329,0.9014,0,0,0.9014,0.4329,0,0,0,0,1,0,0,2.6381,0,1]},
{"frame":66,"values":[-0.4329,0.9014,0,0,0.9014,0.4329,0,0,0,0,1,0,0,3.2869,0,1]},
{"frame":67,"values":[-0.4329,0.9014,0,0,0.9014,0.4329,0,0,0,0,1,0,0,3.857,0,1]},
{"frame":68,"values":[-0.4329,0.9014,0,0,0.9014,0.4329,0,0,0,0,1,0,0,4.3308,0,1]},
{"frame":69,"values":[-0.4329,0.9014,0,0,0.9014,0.4329,0,0,0,0,1,0,0,4.6909,0,1]},
{"frame":70,"values":[-0.4329,0.9014,0,0,0.9014,0.4329,0,0,0,0,1,0,0,4.9198,0,1]},
{"frame":71,"values":[-0.4329,0.9014,0,0,0.9014,0.4329,0,0,0,0,1,0,0,5,0,1]},
{"frame":72,"values":[-0.4329,0.9014,0,0,0.9014,0.4329,0,0,0,0,1,0,0,4.9275,0,1]},
{"frame":73,"values":[-0.4329,0.9014,0,0,0.9014,0.4329,0,0,0,0,1,0,0,4.72,0,1]},
{"frame":74,"values":[-0.4329,0.9014,0,0,0.9014,0.4329,0,0,0,0,1,0,0,4.3925,0,1]},
{"frame":75,"values":[-0.4329,0.9014,0,0,0.9014,0.4329,0,0,0,0,1,0,0,3.96,0,1]},
{"frame":76,"values":[-0.4329,0.9014,0,0,0.9014,0.4329,0,0,0,0,1,0,0,3.4375,0,1]},
{"frame":77,"values":[-0.4329,0.9014,0,0,0.9014,0.4329,0,0,0,0,1,0,0,2.84,0,1]},
{"frame":78,"values":[-0.4329,0.9014,0,0,0.9014,0.4329,0,0,0,0,1,0,0,2.1825,0,1]},
{"frame":79,"values":[-0.4329,0.9014,0,0,0.9014,0.4329,0,0,0,0,1,0,0,1.48,0,1]},
{"frame":80,"values":[-0.4329,0.9014,0,0,0.9014,0.4329,0,0,0,0,1,0,0,0.7475,0,1]},
{"frame":81,"values":[-0.4329,0.9014,0,0,0.9014,0.4329,0,0,0,0,1,0,0,0,0,1]},
{"frame":82,"values":[-0.4329,0.9014,0,0,0.9014,0.4329,0,0,0,0,1,0,0,-0.7475,0,1]},
{"frame":83,"values":[-0.4329,0.9014,0,0,0.9014,0.4329,0,0,0,0,1,0,0,-1.48,0,1]},
{"frame":84,"values":[-0.4329,0.9014,0,0,0.9014,0.4329,0,0,0,0,1,0,0,-2.1825,0,1]},
{"frame":85,"values":[-0.4329,0.9014,0,0,0.9014,0.4329,0,0,0,0,1,0,0,-2.84,0,1]},
{"frame":86,"values":[-0.4329,0.9014,0,0,0.9014,0.4329,0,0,0,0,1,0,0,-3.4375,0,1]},
{"frame":87,"values":[-0.4329,0.9014,0,0,0.9014,0.4329,0,0,0,0,1,0,0,-3.96,0,1]},
{"frame":88,"values":[-0.4329,0.9014,0,0,0.9014,0.4329,0,0,0,0,1,0,0,-4.3925,0,1]},
{"frame":89,"values":[-0.4329,0.9014,0,0,0.9014,0.4329,0,0,0,0,1,0,0,-4.72,0,1]},
{"frame":90,"values":[-0.4329,0.9014,0,0,0.9014,0.4329,0,0,0,0,1,0,0,-4.9275,0,1]},
{"frame":91,"values":[-0.4329,0.9014,0,0,0.9014,0.4329,0,0,0,0,1,0,0,-5,0,1]},
{"frame":111,"values":[-0.4329,0.9014,0,0,0.9014,0.4329,0,0,0,0,1,0,0,-5,0,1]}],"loopBehavior":1,"name":"anim","property":"_matrix"}},
{"name":"xuong:dau","index":1,"matrix":[-0.3272,0.945,0,0,0.9297,0.3219,0.1787,0,0.1689,0.0585,-0.9839,0,11.1514,0,0,1],"rest":[-0.3917,0.9201,0,0,0.9201,0.3917,0,0,0,0,-1,0,11.1514,0,0,1],"parentBoneIndex":0,"length":15.0125
,"animation":{"dataType":3,"framePerSecond":30,"keys":[
{"frame":1,"values":[-0.3272,0.945,0,0,0.9297,0.3219,0.1787,0,0.1689,0.0585,-0.9839,0,11.1514,0,0,1]},
{"frame":3,"values":[-0.3191,0.9477,0,0,0.9285,0.3126,0.2006,0,0.1902,0.064,-0.9797,0,11.1514,0,0,1]},
{"frame":4,"values":[-0.3126,0.9499,0,0,0.927,0.3051,0.2179,0,0.207,0.0681,-0.976,0,11.1514,0,0,1]},
{"frame":5,"values":[-0.31,0.9507,0,0,0.9264,0.3021,0.225,0,0.2139,0.0697,-0.9744,0,11.1514,0,0,1]},
{"frame":6,"values":[-0.3112,0.9503,0,0,0.9267,0.3035,0.2217,0,0.2107,0.069,-0.9751,0,11.1514,0,0,1]},
{"frame":7,"values":[-0.3146,0.9492,0,0,0.9275,0.3075,0.2126,0,0.2018,0.0669,-0.9771,0,11.1514,0,0,1]},
{"frame":8,"values":[-0.3201,0.9474,0,0,0.9286,0.3137,0.198,0,0.1876,0.0634,-0.9802,0,11.1514,0,0,1]},
{"frame":9,"values":[-0.3272,0.945,0,0,0.9297,0.3219,0.1787,0,0.1689,0.0585,-0.9839,0,11.1514,0,0,1]},
{"frame":10,"values":[-0.3358,0.9419,0,0,0.9305,0.3317,0.1554,0,0.1463,0.0522,-0.9879,0,11.1514,0,0,1]},
{"frame":11,"values":[-0.3456,0.9384,0,0,0.9306,0.3428,0.1285,0,0.1206,0.0444,-0.9917,0,11.1514,0,0,1]},
{"frame":12,"values":[-0.3564,0.9343,0,0,0.9298,0.3546,0.0989,0,0.0924,0.0352,-0.9951,0,11.1514,0,0,1]},
{"frame":13,"values":[-0.3678,0.9299,0,0,0.9278,0.367,0.0671,0,0.0624,0.0247,-0.9977,0,11.1514,0,0,1]},
{"frame":14,"values":[-0.3796,0.9251,0,0,0.9246,0.3794,0.0339,0,0.0314,0.0129,-0.9994,0,11.1514,0,0,1]},
{"frame":15,"values":[-0.3917,0.9201,0,0,0.9201,0.3917,0,0,0,0,-1,0,11.1514,0,0,1]},
{"frame":16,"values":[-0.4037,0.9149,0,0,0.9144,0.4034,-0.0339,0,-0.031,-0.0137,-0.9994,0,11.1514,0,0,1]},
{"frame":17,"values":[-0.4153,0.9097,0,0,0.9076,0.4144,-0.0671,0,-0.061,-0.0279,-0.9977,0,11.1514,0,0,1]},
{"frame":18,"values":[-0.4264,0.9045,0,0,0.9001,0.4244,-0.0989,0,-0.0894,-0.0422,-0.9951,0,11.1514,0,0,1]},
{"frame":19,"values":[-0.4368,0.8996,0,0,0.8921,0.4332,-0.1285,0,-0.1156,-0.0561,-0.9917,0,11.1514,0,0,1]},
{"frame":20,"values":[-0.4461,0.895,0,0,0.8841,0.4407,-0.1554,0,-0.139,-0.0693,-0.9879,0,11.1514,0,0,1]},
{"frame":21,"values":[-0.4543,0.8909,0,0,0.8765,0.447,-0.1787,0,-0.1592,-0.0812,-0.9839,0,11.1514,0,0,1]},
{"frame":22,"values":[-0.461,0.8874,0,0,0.8698,0.4519,-0.198,0,-0.1757,-0.0913,-0.9802,0,11.1514,0,0,1]},
{"frame":23,"values":[-0.4661,0.8847,0,0,0.8645,0.4554,-0.2126,0,-0.1881,-0.0991,-0.9771,0,11.1514,0,0,1]},
{"frame":24,"values":[-0.4693,0.8831,0,0,0.8611,0.4576,-0.2217,0,-0.1958,-0.1041,-0.9751,0,11.1514,0,0,1]},
{"frame":25,"values":[-0.4704,0.8825,0,0,0.8598,0.4583,-0.225,0,-0.1985,-0.1058,-0.9744,0,11.1514,0,0,1]},
{"frame":26,"values":[-0.4688,0.8833,0,0,0.8615,0.4573,-0.2205,0,-0.1948,-0.1034,-0.9754,0,11.1514,0,0,1]},
{"frame":27,"values":[-0.4644,0.8856,0,0,0.8663,0.4543,-0.2079,0,-0.1841,-0.0966,-0.9782,0,11.1514,0,0,1]},
{"frame":28,"values":[-0.4576,0.8892,0,0,0.8733,0.4494,-0.1882,0,-0.1674,-0.0861,-0.9821,0,11.1514,0,0,1]},
{"frame":29,"values":[-0.4487,0.8937,0,0,0.8818,0.4427,-0.1626,0,-0.1453,-0.073,-0.9867,0,11.1514,0,0,1]},
{"frame":30,"values":[-0.4381,0.8989,0,0,0.891,0.4342,-0.1322,0,-0.1188,-0.0579,-0.9912,0,11.1514,0,0,1]},
{"frame":31,"values":[-0.4262,0.9046,0,0,0.9003,0.4241,-0.0981,0,-0.0887,-0.0418,-0.9952,0,11.1514,0,0,1]},
{"frame":32,"values":[-0.4133,0.9106,0,0,0.9089,0.4126,-0.0615,0,-0.056,-0.0254,-0.9981,0,11.1514,0,0,1]},
{"frame":33,"values":[-0.4,0.9165,0,0,0.9163,0.3999,-0.0236,0,-0.0216,-0.0094,-0.9997,0,11.1514,0,0,1]},
{"frame":34,"values":[-0.3866,0.9222,0,0,0.9221,0.3866,0.0143,0,0.0132,0.0055,-0.9999,0,11.1514,0,0,1]},
{"frame":35,"values":[-0.3735,0.9276,0,0,0.9264,0.3731,0.051,0,0.0473,0.0191,-0.9987,0,11.1514,0,0,1]},
{"frame":36,"values":[-0.3613,0.9325,0,0,0.9291,0.3599,0.0853,0,0.0795,0.0308,-0.9964,0,11.1514,0,0,1]},
{"frame":37,"values":[-0.3502,0.9367,0,0,0.9304,0.3478,0.1159,0,0.1086,0.0406,-0.9933,0,11.1514,0,0,1]},
{"frame":38,"values":[-0.3408,0.9401,0,0,0.9306,0.3374,0.1417,0,0.1332,0.0483,-0.9899,0,11.1514,0,0,1]},
{"frame":39,"values":[-0.3336,0.9427,0,0,0.9304,0.3292,0.1615,0,0.1523,0.0539,-0.9869,0,11.1514,0,0,1]},
{"frame":51,"values":[-0.3272,0.945,0,0,0.9297,0.3219,0.1787,0,0.1689,0.0585,-0.9839,0,11.1514,0,0,1]},
{"frame":53,"values":[-0.3191,0.9477,0,0,0.9285,0.3126,0.2006,0,0.1902,0.064,-0.9797,0,11.1514,0,0,1]},
{"frame":54,"values":[-0.3126,0.9499,0,0,0.927,0.3051,0.2179,0,0.207,0.0681,-0.976,0,11.1514,0,0,1]},
{"frame":55,"values":[-0.31,0.9507,0,0,0.9264,0.3021,0.225,0,0.2139,0.0697,-0.9744,0,11.1514,0,0,1]},
{"frame":56,"values":[-0.3112,0.9503,0,0,0.9267,0.3035,0.2217,0,0.2107,0.069,-0.9751,0,11.1514,0,0,1]},
{"frame":57,"values":[-0.3146,0.9492,0,0,0.9275,0.3075,0.2126,0,0.2018,0.0669,-0.9771,0,11.1514,0,0,1]},
{"frame":58,"values":[-0.3201,0.9474,0,0,0.9286,0.3137,0.198,0,0.1876,0.0634,-0.9802,0,11.1514,0,0,1]},
{"frame":59,"values":[-0.3272,0.945,0,0,0.9297,0.3219,0.1787,0,0.1689,0.0585,-0.9839,0,11.1514,0,0,1]},
{"frame":60,"values":[-0.3358,0.9419,0,0,0.9305,0.3317,0.1554,0,0.1463,0.0522,-0.9879,0,11.1514,0,0,1]},
{"frame":61,"values":[-0.3456,0.9384,0,0,0.9306,0.3428,0.1285,0,0.1206,0.0444,-0.9917,0,11.1514,0,0,1]},
{"frame":62,"values":[-0.3564,0.9343,0,0,0.9298,0.3546,0.0989,0,0.0924,0.0352,-0.9951,0,11.1514,0,0,1]},
{"frame":63,"values":[-0.3678,0.9299,0,0,0.9278,0.367,0.0671,0,0.0624,0.0247,-0.9977,0,11.1514,0,0,1]},
{"frame":64,"values":[-0.3796,0.9251,0,0,0.9246,0.3794,0.0339,0,0.0314,0.0129,-0.9994,0,11.1514,0,0,1]},
{"frame":65,"values":[-0.3917,0.9201,0,0,0.9201,0.3917,0,0,0,0,-1,0,11.1514,0,0,1]},
{"frame":66,"values":[-0.4037,0.9149,0,0,0.9144,0.4034,-0.0339,0,-0.031,-0.0137,-0.9994,0,11.1514,0,0,1]},
{"frame":67,"values":[-0.4153,0.9097,0,0,0.9076,0.4144,-0.0671,0,-0.061,-0.0279,-0.9977,0,11.1514,0,0,1]},
{"frame":68,"values":[-0.4264,0.9045,0,0,0.9001,0.4244,-0.0989,0,-0.0894,-0.0422,-0.9951,0,11.1514,0,0,1]},
{"frame":69,"values":[-0.4368,0.8996,0,0,0.8921,0.4332,-0.1285,0,-0.1156,-0.0561,-0.9917,0,11.1514,0,0,1]},
{"frame":70,"values":[-0.4461,0.895,0,0,0.8841,0.4407,-0.1554,0,-0.139,-0.0693,-0.9879,0,11.1514,0,0,1]},
{"frame":71,"values":[-0.4543,0.8909,0,0,0.8765,0.447,-0.1787,0,-0.1592,-0.0812,-0.9839,0,11.1514,0,0,1]},
{"frame":72,"values":[-0.461,0.8874,0,0,0.8698,0.4519,-0.198,0,-0.1757,-0.0913,-0.9802,0,11.1514,0,0,1]},
{"frame":73,"values":[-0.4661,0.8847,0,0,0.8645,0.4554,-0.2126,0,-0.1881,-0.0991,-0.9771,0,11.1514,0,0,1]},
{"frame":74,"values":[-0.4693,0.8831,0,0,0.8611,0.4576,-0.2217,0,-0.1958,-0.1041,-0.9751,0,11.1514,0,0,1]},
{"frame":75,"values":[-0.4704,0.8825,0,0,0.8598,0.4583,-0.225,0,-0.1985,-0.1058,-0.9744,0,11.1514,0,0,1]},
{"frame":76,"values":[-0.4688,0.8833,0,0,0.8615,0.4573,-0.2205,0,-0.1948,-0.1034,-0.9754,0,11.1514,0,0,1]},
{"frame":77,"values":[-0.4644,0.8856,0,0,0.8663,0.4543,-0.2079,0,-0.1841,-0.0966,-0.9782,0,11.1514,0,0,1]},
{"frame":78,"values":[-0.4576,0.8892,0,0,0.8733,0.4494,-0.1882,0,-0.1674,-0.0861,-0.9821,0,11.1514,0,0,1]},
{"frame":79,"values":[-0.4487,0.8937,0,0,0.8818,0.4427,-0.1626,0,-0.1453,-0.073,-0.9867,0,11.1514,0,0,1]},
{"frame":80,"values":[-0.4381,0.8989,0,0,0.891,0.4342,-0.1322,0,-0.1188,-0.0579,-0.9912,0,11.1514,0,0,1]},
{"frame":81,"values":[-0.4262,0.9046,0,0,0.9003,0.4241,-0.0981,0,-0.0887,-0.0418,-0.9952,0,11.1514,0,0,1]},
{"frame":82,"values":[-0.4133,0.9106,0,0,0.9089,0.4126,-0.0615,0,-0.056,-0.0254,-0.9981,0,11.1514,0,0,1]},
{"frame":83,"values":[-0.4,0.9165,0,0,0.9163,0.3999,-0.0236,0,-0.0216,-0.0094,-0.9997,0,11.1514,0,0,1]},
{"frame":84,"values":[-0.3866,0.9222,0,0,0.9221,0.3866,0.0143,0,0.0132,0.0055,-0.9999,0,11.1514,0,0,1]},
{"frame":85,"values":[-0.3735,0.9276,0,0,0.9264,0.3731,0.051,0,0.0473,0.0191,-0.9987,0,11.1514,0,0,1]},
{"frame":86,"values":[-0.3613,0.9325,0,0,0.9291,0.3599,0.0853,0,0.0795,0.0308,-0.9964,0,11.1514,0,0,1]},
{"frame":87,"values":[-0.3502,0.9367,0,0,0.9304,0.3478,0.1159,0,0.1086,0.0406,-0.9933,0,11.1514,0,0,1]},
{"frame":88,"values":[-0.3408,0.9401,0,0,0.9306,0.3374,0.1417,0,0.1332,0.0483,-0.9899,0,11.1514,0,0,1]},
{"frame":89,"values":[-0.3336,0.9427,0,0,0.9304,0.3292,0.1615,0,0.1523,0.0539,-0.9869,0,11.1514,0,0,1]},
{"frame":90,"values":[-0.3289,0.9444,0,0,0.9299,0.3238,0.1742,0,0.1645,0.0573,-0.9847,0,11.1514,0,0,1]},
{"frame":91,"values":[-0.3272,0.945,0,0,0.9297,0.3219,0.1787,0,0.1689,0.0585,-0.9839,0,11.1514,0,0,1]},
{"frame":111,"values":[-0.3272,0.945,0,0,0.9297,0.3219,0.1787,0,0.1689,0.0585,-0.9839,0,11.1514,0,0,1]}],"loopBehavior":1,"name":"anim","property":"_matrix"}},
{"name":"xuong:mieng_1","index":2,"matrix":[0.8989,-0.4381,0,0,0.4381,0.8989,0,0,0,0,1,0,18.4405,0,0,1],"rest":[0.8989,-0.4381,0,0,0.4381,0.8989,0,0,0,0,1,0,18.4405,0,0,1],"parentBoneIndex":1,"length":9.0037
,"animation":{"dataType":3,"framePerSecond":30,"keys":[
{"frame":1,"values":[0.8989,-0.4381,0,0,0.4381,0.8989,0,0,0,0,1,0,18.4405,0,0,1]},
{"frame":3,"values":[0.8975,-0.4375,0,0,0.4381,0.8989,0,0,0,0,1,0,18.4405,0,0,1]},
{"frame":4,"values":[0.8936,-0.4356,0,0,0.4381,0.8989,0,0,0,0,1,0,18.4405,0,0,1]},
{"frame":5,"values":[0.8875,-0.4326,0,0,0.4381,0.8989,0,0,0,0,1,0,18.4405,0,0,1]},
{"frame":6,"values":[0.8795,-0.4287,0,0,0.4381,0.8989,0,0,0,0,1,0,18.4405,0,0,1]},
{"frame":7,"values":[0.8698,-0.4239,0,0,0.4381,0.8989,0,0,0,0,1,0,18.4405,0,0,1]},
{"frame":8,"values":[0.8588,-0.4186,0,0,0.4381,0.8989,0,0,0,0,1,0,18.4405,0,0,1]},
{"frame":9,"values":[0.8467,-0.4127,0,0,0.4381,0.8989,0,0,0,0,1,0,18.4405,0,0,1]},
{"frame":10,"values":[0.8339,-0.4064,0,0,0.4381,0.8989,0,0,0,0,1,0,18.4405,0,0,1]},
{"frame":11,"values":[0.8206,-0.4,0,0,0.4381,0.8989,0,0,0,0,1,0,18.4405,0,0,1]},
{"frame":12,"values":[0.8072,-0.3934,0,0,0.4381,0.8989,0,0,0,0,1,0,18.4405,0,0,1]},
{"frame":13,"values":[0.7939,-0.387,0,0,0.4381,0.8989,0,0,0,0,1,0,18.4405,0,0,1]},
{"frame":14,"values":[0.7811,-0.3807,0,0,0.4381,0.8989,0,0,0,0,1,0,18.4405,0,0,1]},
{"frame":15,"values":[0.7691,-0.3749,0,0,0.4381,0.8989,0,0,0,0,1,0,18.4405,0,0,1]},
{"frame":16,"values":[0.758,-0.3695,0,0,0.4381,0.8989,0,0,0,0,1,0,18.4405,0,0,1]},
{"frame":17,"values":[0.7483,-0.3648,0,0,0.4381,0.8989,0,0,0,0,1,0,18.4405,0,0,1]},
{"frame":18,"values":[0.7403,-0.3608,0,0,0.4381,0.8989,0,0,0,0,1,0,18.4405,0,0,1]},
{"frame":19,"values":[0.7342,-0.3578,0,0,0.4381,0.8989,0,0,0,0,1,0,18.4405,0,0,1]},
{"frame":20,"values":[0.7303,-0.3559,0,0,0.4381,0.8989,0,0,0,0,1,0,18.4405,0,0,1]},
{"frame":21,"values":[0.7289,-0.3553,0,0,0.4381,0.8989,0,0,0,0,1,0,18.4405,0,0,1]},
{"frame":22,"values":[0.7301,-0.3559,0,0,0.4381,0.8989,0,0,0,0,1,0,18.4405,0,0,1]},
{"frame":23,"values":[0.7337,-0.3576,0,0,0.4381,0.8989,0,0,0,0,1,0,18.4405,0,0,1]},
{"frame":24,"values":[0.7392,-0.3603,0,0,0.4381,0.8989,0,0,0,0,1,0,18.4405,0,0,1]},
{"frame":25,"values":[0.7466,-0.3639,0,0,0.4381,0.8989,0,0,0,0,1,0,18.4405,0,0,1]},
{"frame":26,"values":[0.7555,-0.3682,0,0,0.4381,0.8989,0,0,0,0,1,0,18.4405,0,0,1]},
{"frame":27,"values":[0.7656,-0.3732,0,0,0.4381,0.8989,0,0,0,0,1,0,18.4405,0,0,1]},
{"frame":28,"values":[0.7768,-0.3786,0,0,0.4381,0.8989,0,0,0,0,1,0,18.4405,0,0,1]},
{"frame":29,"values":[0.7887,-0.3844,0,0,0.4381,0.8989,0,0,0,0,1,0,18.4405,0,0,1]},
{"frame":30,"values":[0.8012,-0.3905,0,0,0.4381,0.8989,0,0,0,0,1,0,18.4405,0,0,1]},
{"frame":31,"values":[0.8139,-0.3967,0,0,0.4381,0.8989,0,0,0,0,1,0,18.4405,0,0,1]},
{"frame":32,"values":[0.8266,-0.4029,0,0,0.4381,0.8989,0,0,0,0,1,0,18.4405,0,0,1]},
{"frame":33,"values":[0.8391,-0.409,0,0,0.4381,0.8989,0,0,0,0,1,0,18.4405,0,0,1]},
{"frame":34,"values":[0.851,-0.4148,0,0,0.4381,0.8989,0,0,0,0,1,0,18.4405,0,0,1]},
{"frame":35,"values":[0.8622,-0.4202,0,0,0.4381,0.8989,0,0,0,0,1,0,18.4405,0,0,1]},
{"frame":36,"values":[0.8723,-0.4252,0,0,0.4381,0.8989,0,0,0,0,1,0,18.4405,0,0,1]},
{"frame":37,"values":[0.8812,-0.4295,0,0,0.4381,0.8989,0,0,0,0,1,0,18.4405,0,0,1]},
{"frame":38,"values":[0.8886,-0.4331,0,0,0.4381,0.8989,0,0,0,0,1,0,18.4405,0,0,1]},
{"frame":39,"values":[0.8941,-0.4358,0,0,0.4381,0.8989,0,0,0,0,1,0,18.4405,0,0,1]},
{"frame":51,"values":[0.8989,-0.4381,0,0,0.4381,0.8989,0,0,0,0,1,0,18.4405,0,0,1]},
{"frame":53,"values":[0.8975,-0.4375,0,0,0.4381,0.8989,0,0,0,0,1,0,18.4405,0,0,1]},
{"frame":54,"values":[0.8936,-0.4356,0,0,0.4381,0.8989,0,0,0,0,1,0,18.4405,0,0,1]},
{"frame":55,"values":[0.8875,-0.4326,0,0,0.4381,0.8989,0,0,0,0,1,0,18.4405,0,0,1]},
{"frame":56,"values":[0.8795,-0.4287,0,0,0.4381,0.8989,0,0,0,0,1,0,18.4405,0,0,1]},
{"frame":57,"values":[0.8698,-0.4239,0,0,0.4381,0.8989,0,0,0,0,1,0,18.4405,0,0,1]},
{"frame":58,"values":[0.8588,-0.4186,0,0,0.4381,0.8989,0,0,0,0,1,0,18.4405,0,0,1]},
{"frame":59,"values":[0.8467,-0.4127,0,0,0.4381,0.8989,0,0,0,0,1,0,18.4405,0,0,1]},
{"frame":60,"values":[0.8339,-0.4064,0,0,0.4381,0.8989,0,0,0,0,1,0,18.4405,0,0,1]},
{"frame":61,"values":[0.8206,-0.4,0,0,0.4381,0.8989,0,0,0,0,1,0,18.4405,0,0,1]},
{"frame":62,"values":[0.8072,-0.3934,0,0,0.4381,0.8989,0,0,0,0,1,0,18.4405,0,0,1]},
{"frame":63,"values":[0.7939,-0.387,0,0,0.4381,0.8989,0,0,0,0,1,0,18.4405,0,0,1]},
{"frame":64,"values":[0.7811,-0.3807,0,0,0.4381,0.8989,0,0,0,0,1,0,18.4405,0,0,1]},
{"frame":65,"values":[0.7691,-0.3749,0,0,0.4381,0.8989,0,0,0,0,1,0,18.4405,0,0,1]},
{"frame":66,"values":[0.758,-0.3695,0,0,0.4381,0.8989,0,0,0,0,1,0,18.4405,0,0,1]},
{"frame":67,"values":[0.7483,-0.3648,0,0,0.4381,0.8989,0,0,0,0,1,0,18.4405,0,0,1]},
{"frame":68,"values":[0.7403,-0.3608,0,0,0.4381,0.8989,0,0,0,0,1,0,18.4405,0,0,1]},
{"frame":69,"values":[0.7342,-0.3578,0,0,0.4381,0.8989,0,0,0,0,1,0,18.4405,0,0,1]},
{"frame":70,"values":[0.7303,-0.3559,0,0,0.4381,0.8989,0,0,0,0,1,0,18.4405,0,0,1]},
{"frame":71,"values":[0.7289,-0.3553,0,0,0.4381,0.8989,0,0,0,0,1,0,18.4405,0,0,1]},
{"frame":72,"values":[0.7301,-0.3559,0,0,0.4381,0.8989,0,0,0,0,1,0,18.4405,0,0,1]},
{"frame":73,"values":[0.7337,-0.3576,0,0,0.4381,0.8989,0,0,0,0,1,0,18.4405,0,0,1]},
{"frame":74,"values":[0.7392,-0.3603,0,0,0.4381,0.8989,0,0,0,0,1,0,18.4405,0,0,1]},
{"frame":75,"values":[0.7466,-0.3639,0,0,0.4381,0.8989,0,0,0,0,1,0,18.4405,0,0,1]},
{"frame":76,"values":[0.7555,-0.3682,0,0,0.4381,0.8989,0,0,0,0,1,0,18.4405,0,0,1]},
{"frame":77,"values":[0.7656,-0.3732,0,0,0.4381,0.8989,0,0,0,0,1,0,18.4405,0,0,1]},
{"frame":78,"values":[0.7768,-0.3786,0,0,0.4381,0.8989,0,0,0,0,1,0,18.4405,0,0,1]},
{"frame":79,"values":[0.7887,-0.3844,0,0,0.4381,0.8989,0,0,0,0,1,0,18.4405,0,0,1]},
{"frame":80,"values":[0.8012,-0.3905,0,0,0.4381,0.8989,0,0,0,0,1,0,18.4405,0,0,1]},
{"frame":81,"values":[0.8139,-0.3967,0,0,0.4381,0.8989,0,0,0,0,1,0,18.4405,0,0,1]},
{"frame":82,"values":[0.8266,-0.4029,0,0,0.4381,0.8989,0,0,0,0,1,0,18.4405,0,0,1]},
{"frame":83,"values":[0.8391,-0.409,0,0,0.4381,0.8989,0,0,0,0,1,0,18.4405,0,0,1]},
{"frame":84,"values":[0.851,-0.4148,0,0,0.4381,0.8989,0,0,0,0,1,0,18.4405,0,0,1]},
{"frame":85,"values":[0.8622,-0.4202,0,0,0.4381,0.8989,0,0,0,0,1,0,18.4405,0,0,1]},
{"frame":86,"values":[0.8723,-0.4252,0,0,0.4381,0.8989,0,0,0,0,1,0,18.4405,0,0,1]},
{"frame":87,"values":[0.8812,-0.4295,0,0,0.4381,0.8989,0,0,0,0,1,0,18.4405,0,0,1]},
{"frame":88,"values":[0.8886,-0.4331,0,0,0.4381,0.8989,0,0,0,0,1,0,18.4405,0,0,1]},
{"frame":89,"values":[0.8941,-0.4358,0,0,0.4381,0.8989,0,0,0,0,1,0,18.4405,0,0,1]},
{"frame":90,"values":[0.8977,-0.4375,0,0,0.4381,0.8989,0,0,0,0,1,0,18.4405,0,0,1]},
{"frame":91,"values":[0.8989,-0.4381,0,0,0.4381,0.8989,0,0,0,0,1,0,18.4405,0,0,1]},
{"frame":111,"values":[0.8989,-0.4381,0,0,0.4381,0.8989,0,0,0,0,1,0,18.4405,0,0,1]}],"loopBehavior":1,"name":"anim","property":"_matrix"}},
{"name":"xuong:mieng_2","index":3,"matrix":[1,0,0,0,0,0.9878,0,0,0,0,0.9879,0,9.0037,0,0,1],"rest":[1,0,0,0,0,1,0,0,0,0,1,0,9.0037,0,0,1],"parentBoneIndex":2,"length":8.8943
,"animation":{"dataType":3,"framePerSecond":30,"keys":[
{"frame":1,"values":[1,0,0,0,0,0.9878,0,0,0,0,0.9878,0,9.0037,0,0,1]},
{"frame":3,"values":[0.9998,0,0,0,0,0.9966,0,0,0,0,0.9964,0,9.0037,0,0,1]},
{"frame":4,"values":[0.9994,0,0,0,0,1.0006,0,0,0,0,1.0001,0,9.0037,0,0,1]},
{"frame":5,"values":[0.9987,0,0,0,0,0.9997,0,0,0,0,0.9987,0,9.0037,0,0,1]},
{"frame":6,"values":[0.9978,0,0,0,0,0.9964,0,0,0,0,0.9946,0,9.0037,0,0,1]},
{"frame":7,"values":[0.9967,0,0,0,0,0.9909,0,0,0,0,0.9881,0,9.0037,0,0,1]},
{"frame":8,"values":[0.9953,0,0,0,0,0.9835,0,0,0,0,0.9795,0,9.0037,0,0,1]},
{"frame":9,"values":[0.9937,0,0,0,0,0.9746,0,0,0,0,0.9691,0,9.0037,0,0,1]},
{"frame":10,"values":[0.9918,0,0,0,0,0.9644,0,0,0,0,0.9571,0,9.0037,0,0,1]},
{"frame":11,"values":[0.9896,0,0,0,0,0.9533,0,0,0,0,0.9439,0,9.0037,0,0,1]},
{"frame":12,"values":[0.9872,0,0,0,0,0.9415,0,0,0,0,0.9298,0,9.0037,0,0,1]},
{"frame":13,"values":[0.9846,0,0,0,0,0.9292,0,0,0,0,0.915,0,9.0037,0,0,1]},
{"frame":14,"values":[0.9817,0,0,0,0,0.9168,0,0,0,0,0.9,0,9.0037,0,0,1]},
{"frame":15,"values":[0.9786,0,0,0,0,0.9044,0,0,0,0,0.8851,0,9.0037,0,0,1]},
{"frame":16,"values":[0.9755,0,0,0,0,0.8922,0,0,0,0,0.8704,0,9.0037,0,0,1]},
{"frame":17,"values":[0.9725,0,0,0,0,0.8805,0,0,0,0,0.8565,0,9.0037,0,0,1]},
{"frame":18,"values":[0.9696,0,0,0,0,0.8694,0,0,0,0,0.8435,0,9.0037,0,0,1]},
{"frame":19,"values":[0.9669,0,0,0,0,0.8592,0,0,0,0,0.8317,0,9.0037,0,0,1]},
{"frame":20,"values":[0.9648,0,0,0,0,0.8501,0,0,0,0,0.8214,0,9.0037,0,0,1]},
{"frame":21,"values":[0.9632,0,0,0,0,0.8423,0,0,0,0,0.813,0,9.0037,0,0,1]},
{"frame":22,"values":[0.9624,0,0,0,0,0.836,0,0,0,0,0.8066,0,9.0037,0,0,1]},
{"frame":23,"values":[0.9623,0,0,0,0,0.8316,0,0,0,0,0.8026,0,9.0037,0,0,1]},
{"frame":24,"values":[0.963,0,0,0,0,0.8294,0,0,0,0,0.8012,0,9.0037,0,0,1]},
{"frame":25,"values":[0.9644,0,0,0,0,0.8302,0,0,0,0,0.8031,0,9.0037,0,0,1]},
{"frame":26,"values":[0.9666,0,0,0,0,0.834,0,0,0,0,0.8083,0,9.0037,0,0,1]},
{"frame":27,"values":[0.9693,0,0,0,0,0.8403,0,0,0,0,0.8164,0,9.0037,0,0,1]},
{"frame":28,"values":[0.9726,0,0,0,0,0.8489,0,0,0,0,0.827,0,9.0037,0,0,1]},
{"frame":29,"values":[0.976,0,0,0,0,0.8593,0,0,0,0,0.8397,0,9.0037,0,0,1]},
{"frame":30,"values":[0.9796,0,0,0,0,0.8712,0,0,0,0,0.854,0,9.0037,0,0,1]},
{"frame":31,"values":[0.9831,0,0,0,0,0.8841,0,0,0,0,0.8695,0,9.0037,0,0,1]},
{"frame":32,"values":[0.9864,0,0,0,0,0.8978,0,0,0,0,0.8857,0,9.0037,0,0,1]},
{"frame":33,"values":[0.9894,0,0,0,0,0.9119,0,0,0,0,0.9022,0,9.0037,0,0,1]},
{"frame":34,"values":[0.992,0,0,0,0,0.9259,0,0,0,0,0.9185,0,9.0037,0,0,1]},
{"frame":35,"values":[0.9942,0,0,0,0,0.9396,0,0,0,0,0.9342,0,9.0037,0,0,1]},
{"frame":36,"values":[0.9961,0,0,0,0,0.9524,0,0,0,0,0.9487,0,9.0037,0,0,1]},
{"frame":37,"values":[0.9975,0,0,0,0,0.9639,0,0,0,0,0.9616,0,9.0037,0,0,1]},
{"frame":38,"values":[0.9986,0,0,0,0,0.9737,0,0,0,0,0.9724,0,9.0037,0,0,1]},
{"frame":39,"values":[0.9994,0,0,0,0,0.9812,0,0,0,0,0.9807,0,9.0037,0,0,1]},
{"frame":51,"values":[1,0,0,0,0,0.9878,0,0,0,0,0.9879,0,9.0037,0,0,1]},
{"frame":53,"values":[0.9998,0,0,0,0,0.9966,0,0,0,0,0.9964,0,9.0037,0,0,1]},
{"frame":54,"values":[0.9994,0,0,0,0,1.0006,0,0,0,0,1.0001,0,9.0037,0,0,1]},
{"frame":55,"values":[0.9987,0,0,0,0,0.9997,0,0,0,0,0.9987,0,9.0037,0,0,1]},
{"frame":56,"values":[0.9978,0,0,0,0,0.9964,0,0,0,0,0.9946,0,9.0037,0,0,1]},
{"frame":57,"values":[0.9967,0,0,0,0,0.9909,0,0,0,0,0.9881,0,9.0037,0,0,1]},
{"frame":58,"values":[0.9953,0,0,0,0,0.9835,0,0,0,0,0.9795,0,9.0037,0,0,1]},
{"frame":59,"values":[0.9937,0,0,0,0,0.9746,0,0,0,0,0.9691,0,9.0037,0,0,1]},
{"frame":60,"values":[0.9918,0,0,0,0,0.9644,0,0,0,0,0.9571,0,9.0037,0,0,1]},
{"frame":61,"values":[0.9896,0,0,0,0,0.9533,0,0,0,0,0.9439,0,9.0037,0,0,1]},
{"frame":62,"values":[0.9872,0,0,0,0,0.9415,0,0,0,0,0.9298,0,9.0037,0,0,1]},
{"frame":63,"values":[0.9846,0,0,0,0,0.9292,0,0,0,0,0.915,0,9.0037,0,0,1]},
{"frame":64,"values":[0.9817,0,0,0,0,0.9168,0,0,0,0,0.9,0,9.0037,0,0,1]},
{"frame":65,"values":[0.9786,0,0,0,0,0.9044,0,0,0,0,0.8851,0,9.0037,0,0,1]},
{"frame":66,"values":[0.9755,0,0,0,0,0.8922,0,0,0,0,0.8704,0,9.0037,0,0,1]},
{"frame":67,"values":[0.9725,0,0,0,0,0.8805,0,0,0,0,0.8565,0,9.0037,0,0,1]},
{"frame":68,"values":[0.9696,0,0,0,0,0.8694,0,0,0,0,0.8435,0,9.0037,0,0,1]},
{"frame":69,"values":[0.9669,0,0,0,0,0.8592,0,0,0,0,0.8317,0,9.0037,0,0,1]},
{"frame":70,"values":[0.9648,0,0,0,0,0.8501,0,0,0,0,0.8214,0,9.0037,0,0,1]},
{"frame":71,"values":[0.9632,0,0,0,0,0.8423,0,0,0,0,0.813,0,9.0037,0,0,1]},
{"frame":72,"values":[0.9624,0,0,0,0,0.836,0,0,0,0,0.8066,0,9.0037,0,0,1]},
{"frame":73,"values":[0.9623,0,0,0,0,0.8316,0,0,0,0,0.8026,0,9.0037,0,0,1]},
{"frame":74,"values":[0.963,0,0,0,0,0.8294,0,0,0,0,0.8012,0,9.0037,0,0,1]},
{"frame":75,"values":[0.9644,0,0,0,0,0.8302,0,0,0,0,0.8031,0,9.0037,0,0,1]},
{"frame":76,"values":[0.9666,0,0,0,0,0.834,0,0,0,0,0.8083,0,9.0037,0,0,1]},
{"frame":77,"values":[0.9693,0,0,0,0,0.8403,0,0,0,0,0.8164,0,9.0037,0,0,1]},
{"frame":78,"values":[0.9726,0,0,0,0,0.8489,0,0,0,0,0.827,0,9.0037,0,0,1]},
{"frame":79,"values":[0.976,0,0,0,0,0.8593,0,0,0,0,0.8397,0,9.0037,0,0,1]},
{"frame":80,"values":[0.9796,0,0,0,0,0.8712,0,0,0,0,0.854,0,9.0037,0,0,1]},
{"frame":81,"values":[0.9831,0,0,0,0,0.8841,0,0,0,0,0.8695,0,9.0037,0,0,1]},
{"frame":82,"values":[0.9864,0,0,0,0,0.8978,0,0,0,0,0.8857,0,9.0037,0,0,1]},
{"frame":83,"values":[0.9894,0,0,0,0,0.9119,0,0,0,0,0.9022,0,9.0037,0,0,1]},
{"frame":84,"values":[0.992,0,0,0,0,0.9259,0,0,0,0,0.9185,0,9.0037,0,0,1]},
{"frame":85,"values":[0.9942,0,0,0,0,0.9396,0,0,0,0,0.9342,0,9.0037,0,0,1]},
{"frame":86,"values":[0.9961,0,0,0,0,0.9524,0,0,0,0,0.9487,0,9.0037,0,0,1]},
{"frame":87,"values":[0.9975,0,0,0,0,0.9639,0,0,0,0,0.9616,0,9.0037,0,0,1]},
{"frame":88,"values":[0.9986,0,0,0,0,0.9737,0,0,0,0,0.9724,0,9.0037,0,0,1]},
{"frame":89,"values":[0.9994,0,0,0,0,0.9812,0,0,0,0,0.9807,0,9.0037,0,0,1]},
{"frame":90,"values":[0.9998,0,0,0,0,0.9861,0,0,0,0,0.986,0,9.0037,0,0,1]},
{"frame":91,"values":[1,0,0,0,0,0.9878,0,0,0,0,0.9879,0,9.0037,0,0,1]},
{"frame":111,"values":[1,0,0,0,0,0.9878,0,0,0,0,0.9879,0,9.0037,0,0,1]}],"loopBehavior":1,"name":"anim","property":"_matrix"}},
{"name":"xuong:tai_trai_1","index":4,"matrix":[-0.5067,0.3596,-0.7835,0,0.3184,0.9227,0.2175,0,0.8012,-0.1392,-0.582,0,3.214,5.2001,-11.8101,1],"rest":[-0.7188,0.3846,-0.5791,0,0.3184,0.9227,0.2175,0,0.618,-0.028,-0.7857,0,3.214,5.2001,-11.8101,1],"parentBoneIndex":1,"length":2.3962
,"animation":{"dataType":3,"framePerSecond":30,"keys":[
{"frame":1,"values":[-0.5067,0.3596,-0.7835,0,0.3184,0.9227,0.2175,0,0.8012,-0.1392,-0.582,0,3.214,5.2001,-11.8101,1]},
{"frame":3,"values":[-0.5787,0.3709,-0.7263,0,0.3184,0.9227,0.2175,0,0.7508,-0.1053,-0.6521,0,3.214,5.2001,-11.8101,1]},
{"frame":4,"values":[-0.7188,0.3846,-0.5791,0,0.3184,0.9227,0.2175,0,0.618,-0.028,-0.7857,0,3.214,5.2001,-11.8101,1]},
{"frame":5,"values":[-0.8291,0.3823,-0.408,0,0.3184,0.9227,0.2175,0,0.4596,0.0505,-0.8867,0,3.214,5.2001,-11.8101,1]},
{"frame":6,"values":[-0.8681,0.376,-0.3241,0,0.3184,0.9227,0.2175,0,0.3808,0.0857,-0.9207,0,3.214,5.2001,-11.8101,1]},
{"frame":7,"values":[-0.843,0.3805,-0.3803,0,0.3184,0.9227,0.2175,0,0.4336,0.0623,-0.8989,0,3.214,5.2001,-11.8101,1]},
{"frame":8,"values":[-0.7703,0.3856,-0.508,0,0.3184,0.9227,0.2175,0,0.5526,0.0058,-0.8334,0,3.214,5.2001,-11.8101,1]},
{"frame":9,"values":[-0.6619,0.3806,-0.6458,0,0.3184,0.9227,0.2175,0,0.6787,-0.0616,-0.7319,0,3.214,5.2001,-11.8101,1]},
{"frame":10,"values":[-0.5552,0.3675,-0.7461,0,0.3184,0.9227,0.2175,0,0.7684,-0.1168,-0.6292,0,3.214,5.2001,-11.8101,1]},
{"frame":11,"values":[-0.5067,0.3596,-0.7835,0,0.3184,0.9227,0.2175,0,0.8012,-0.1392,-0.582,0,3.214,5.2001,-11.8101,1]},
{"frame":12,"values":[-0.5552,0.3675,-0.7461,0,0.3184,0.9227,0.2175,0,0.7684,-0.1168,-0.6292,0,3.214,5.2001,-11.8101,1]},
{"frame":13,"values":[-0.6619,0.3806,-0.6458,0,0.3184,0.9227,0.2175,0,0.6787,-0.0616,-0.7319,0,3.214,5.2001,-11.8101,1]},
{"frame":14,"values":[-0.7703,0.3856,-0.508,0,0.3184,0.9227,0.2175,0,0.5526,0.0058,-0.8334,0,3.214,5.2001,-11.8101,1]},
{"frame":15,"values":[-0.843,0.3805,-0.3803,0,0.3184,0.9227,0.2175,0,0.4336,0.0623,-0.8989,0,3.214,5.2001,-11.8101,1]},
{"frame":16,"values":[-0.8681,0.376,-0.3241,0,0.3184,0.9227,0.2175,0,0.3808,0.0857,-0.9207,0,3.214,5.2001,-11.8101,1]},
{"frame":17,"values":[-0.843,0.3805,-0.3803,0,0.3184,0.9227,0.2175,0,0.4336,0.0623,-0.8989,0,3.214,5.2001,-11.8101,1]},
{"frame":18,"values":[-0.7703,0.3856,-0.508,0,0.3184,0.9227,0.2175,0,0.5526,0.0058,-0.8334,0,3.214,5.2001,-11.8101,1]},
{"frame":19,"values":[-0.6619,0.3806,-0.6458,0,0.3184,0.9227,0.2175,0,0.6787,-0.0616,-0.7319,0,3.214,5.2001,-11.8101,1]},
{"frame":20,"values":[-0.5552,0.3675,-0.7461,0,0.3184,0.9227,0.2175,0,0.7684,-0.1168,-0.6292,0,3.214,5.2001,-11.8101,1]},
{"frame":21,"values":[-0.5067,0.3596,-0.7835,0,0.3184,0.9227,0.2175,0,0.8012,-0.1392,-0.582,0,3.214,5.2001,-11.8101,1]},
{"frame":22,"values":[-0.5552,0.3675,-0.7461,0,0.3184,0.9227,0.2175,0,0.7684,-0.1168,-0.6292,0,3.214,5.2001,-11.8101,1]},
{"frame":23,"values":[-0.6619,0.3806,-0.6458,0,0.3184,0.9227,0.2175,0,0.6787,-0.0616,-0.7319,0,3.214,5.2001,-11.8101,1]},
{"frame":24,"values":[-0.7703,0.3856,-0.508,0,0.3184,0.9227,0.2175,0,0.5526,0.0058,-0.8334,0,3.214,5.2001,-11.8101,1]},
{"frame":25,"values":[-0.843,0.3805,-0.3803,0,0.3184,0.9227,0.2175,0,0.4336,0.0623,-0.8989,0,3.214,5.2001,-11.8101,1]},
{"frame":26,"values":[-0.8681,0.376,-0.3241,0,0.3184,0.9227,0.2175,0,0.3808,0.0857,-0.9207,0,3.214,5.2001,-11.8101,1]},
{"frame":27,"values":[-0.843,0.3805,-0.3803,0,0.3184,0.9227,0.2175,0,0.4336,0.0623,-0.8989,0,3.214,5.2001,-11.8101,1]},
{"frame":28,"values":[-0.7703,0.3856,-0.508,0,0.3184,0.9227,0.2175,0,0.5526,0.0058,-0.8334,0,3.214,5.2001,-11.8101,1]},
{"frame":29,"values":[-0.6619,0.3806,-0.6458,0,0.3184,0.9227,0.2175,0,0.6787,-0.0616,-0.7319,0,3.214,5.2001,-11.8101,1]},
{"frame":30,"values":[-0.5552,0.3675,-0.7461,0,0.3184,0.9227,0.2175,0,0.7684,-0.1168,-0.6292,0,3.214,5.2001,-11.8101,1]},
{"frame":31,"values":[-0.5067,0.3596,-0.7835,0,0.3184,0.9227,0.2175,0,0.8012,-0.1392,-0.582,0,3.214,5.2001,-11.8101,1]},
{"frame":32,"values":[-0.5552,0.3675,-0.7461,0,0.3184,0.9227,0.2175,0,0.7684,-0.1168,-0.6292,0,3.214,5.2001,-11.8101,1]},
{"frame":33,"values":[-0.6619,0.3806,-0.6458,0,0.3184,0.9227,0.2175,0,0.6787,-0.0616,-0.7319,0,3.214,5.2001,-11.8101,1]},
{"frame":34,"values":[-0.7703,0.3856,-0.508,0,0.3184,0.9227,0.2175,0,0.5526,0.0058,-0.8334,0,3.214,5.2001,-11.8101,1]},
{"frame":35,"values":[-0.843,0.3805,-0.3803,0,0.3184,0.9227,0.2175,0,0.4336,0.0623,-0.8989,0,3.214,5.2001,-11.8101,1]},
{"frame":36,"values":[-0.8681,0.376,-0.3241,0,0.3184,0.9227,0.2175,0,0.3808,0.0857,-0.9207,0,3.214,5.2001,-11.8101,1]},
{"frame":37,"values":[-0.843,0.3805,-0.3803,0,0.3184,0.9227,0.2175,0,0.4336,0.0623,-0.8989,0,3.214,5.2001,-11.8101,1]},
{"frame":38,"values":[-0.7703,0.3856,-0.508,0,0.3184,0.9227,0.2175,0,0.5526,0.0058,-0.8334,0,3.214,5.2001,-11.8101,1]},
{"frame":39,"values":[-0.6619,0.3806,-0.6458,0,0.3184,0.9227,0.2175,0,0.6787,-0.0616,-0.7319,0,3.214,5.2001,-11.8101,1]},
{"frame":51,"values":[-0.5067,0.3596,-0.7835,0,0.3184,0.9227,0.2175,0,0.8012,-0.1392,-0.582,0,3.214,5.2001,-11.8101,1]},
{"frame":53,"values":[-0.5787,0.3709,-0.7263,0,0.3184,0.9227,0.2175,0,0.7508,-0.1053,-0.6521,0,3.214,5.2001,-11.8101,1]},
{"frame":54,"values":[-0.7188,0.3846,-0.5791,0,0.3184,0.9227,0.2175,0,0.618,-0.028,-0.7857,0,3.214,5.2001,-11.8101,1]},
{"frame":55,"values":[-0.8291,0.3823,-0.408,0,0.3184,0.9227,0.2175,0,0.4596,0.0505,-0.8867,0,3.214,5.2001,-11.8101,1]},
{"frame":56,"values":[-0.8681,0.376,-0.3241,0,0.3184,0.9227,0.2175,0,0.3808,0.0857,-0.9207,0,3.214,5.2001,-11.8101,1]},
{"frame":57,"values":[-0.843,0.3805,-0.3803,0,0.3184,0.9227,0.2175,0,0.4336,0.0623,-0.8989,0,3.214,5.2001,-11.8101,1]},
{"frame":58,"values":[-0.7703,0.3856,-0.508,0,0.3184,0.9227,0.2175,0,0.5526,0.0058,-0.8334,0,3.214,5.2001,-11.8101,1]},
{"frame":59,"values":[-0.6619,0.3806,-0.6458,0,0.3184,0.9227,0.2175,0,0.6787,-0.0616,-0.7319,0,3.214,5.2001,-11.8101,1]},
{"frame":60,"values":[-0.5552,0.3675,-0.7461,0,0.3184,0.9227,0.2175,0,0.7684,-0.1168,-0.6292,0,3.214,5.2001,-11.8101,1]},
{"frame":61,"values":[-0.5067,0.3596,-0.7835,0,0.3184,0.9227,0.2175,0,0.8012,-0.1392,-0.582,0,3.214,5.2001,-11.8101,1]},
{"frame":62,"values":[-0.5552,0.3675,-0.7461,0,0.3184,0.9227,0.2175,0,0.7684,-0.1168,-0.6292,0,3.214,5.2001,-11.8101,1]},
{"frame":63,"values":[-0.6619,0.3806,-0.6458,0,0.3184,0.9227,0.2175,0,0.6787,-0.0616,-0.7319,0,3.214,5.2001,-11.8101,1]},
{"frame":64,"values":[-0.7703,0.3856,-0.508,0,0.3184,0.9227,0.2175,0,0.5526,0.0058,-0.8334,0,3.214,5.2001,-11.8101,1]},
{"frame":65,"values":[-0.843,0.3805,-0.3803,0,0.3184,0.9227,0.2175,0,0.4336,0.0623,-0.8989,0,3.214,5.2001,-11.8101,1]},
{"frame":66,"values":[-0.8681,0.376,-0.3241,0,0.3184,0.9227,0.2175,0,0.3808,0.0857,-0.9207,0,3.214,5.2001,-11.8101,1]},
{"frame":67,"values":[-0.843,0.3805,-0.3803,0,0.3184,0.9227,0.2175,0,0.4336,0.0623,-0.8989,0,3.214,5.2001,-11.8101,1]},
{"frame":68,"values":[-0.7703,0.3856,-0.508,0,0.3184,0.9227,0.2175,0,0.5526,0.0058,-0.8334,0,3.214,5.2001,-11.8101,1]},
{"frame":69,"values":[-0.6619,0.3806,-0.6458,0,0.3184,0.9227,0.2175,0,0.6787,-0.0616,-0.7319,0,3.214,5.2001,-11.8101,1]},
{"frame":70,"values":[-0.5552,0.3675,-0.7461,0,0.3184,0.9227,0.2175,0,0.7684,-0.1168,-0.6292,0,3.214,5.2001,-11.8101,1]},
{"frame":71,"values":[-0.5067,0.3596,-0.7835,0,0.3184,0.9227,0.2175,0,0.8012,-0.1392,-0.582,0,3.214,5.2001,-11.8101,1]},
{"frame":72,"values":[-0.5552,0.3675,-0.7461,0,0.3184,0.9227,0.2175,0,0.7684,-0.1168,-0.6292,0,3.214,5.2001,-11.8101,1]},
{"frame":73,"values":[-0.6619,0.3806,-0.6458,0,0.3184,0.9227,0.2175,0,0.6787,-0.0616,-0.7319,0,3.214,5.2001,-11.8101,1]},
{"frame":74,"values":[-0.7703,0.3856,-0.508,0,0.3184,0.9227,0.2175,0,0.5526,0.0058,-0.8334,0,3.214,5.2001,-11.8101,1]},
{"frame":75,"values":[-0.843,0.3805,-0.3803,0,0.3184,0.9227,0.2175,0,0.4336,0.0623,-0.8989,0,3.214,5.2001,-11.8101,1]},
{"frame":76,"values":[-0.8681,0.376,-0.3241,0,0.3184,0.9227,0.2175,0,0.3808,0.0857,-0.9207,0,3.214,5.2001,-11.8101,1]},
{"frame":77,"values":[-0.843,0.3805,-0.3803,0,0.3184,0.9227,0.2175,0,0.4336,0.0623,-0.8989,0,3.214,5.2001,-11.8101,1]},
{"frame":78,"values":[-0.7703,0.3856,-0.508,0,0.3184,0.9227,0.2175,0,0.5526,0.0058,-0.8334,0,3.214,5.2001,-11.8101,1]},
{"frame":79,"values":[-0.6619,0.3806,-0.6458,0,0.3184,0.9227,0.2175,0,0.6787,-0.0616,-0.7319,0,3.214,5.2001,-11.8101,1]},
{"frame":80,"values":[-0.5552,0.3675,-0.7461,0,0.3184,0.9227,0.2175,0,0.7684,-0.1168,-0.6292,0,3.214,5.2001,-11.8101,1]},
{"frame":81,"values":[-0.5067,0.3596,-0.7835,0,0.3184,0.9227,0.2175,0,0.8012,-0.1392,-0.582,0,3.214,5.2001,-11.8101,1]},
{"frame":82,"values":[-0.5552,0.3675,-0.7461,0,0.3184,0.9227,0.2175,0,0.7684,-0.1168,-0.6292,0,3.214,5.2001,-11.8101,1]},
{"frame":83,"values":[-0.6619,0.3806,-0.6458,0,0.3184,0.9227,0.2175,0,0.6787,-0.0616,-0.7319,0,3.214,5.2001,-11.8101,1]},
{"frame":84,"values":[-0.7703,0.3856,-0.508,0,0.3184,0.9227,0.2175,0,0.5526,0.0058,-0.8334,0,3.214,5.2001,-11.8101,1]},
{"frame":85,"values":[-0.843,0.3805,-0.3803,0,0.3184,0.9227,0.2175,0,0.4336,0.0623,-0.8989,0,3.214,5.2001,-11.8101,1]},
{"frame":86,"values":[-0.8681,0.376,-0.3241,0,0.3184,0.9227,0.2175,0,0.3808,0.0857,-0.9207,0,3.214,5.2001,-11.8101,1]},
{"frame":87,"values":[-0.843,0.3805,-0.3803,0,0.3184,0.9227,0.2175,0,0.4336,0.0623,-0.8989,0,3.214,5.2001,-11.8101,1]},
{"frame":88,"values":[-0.7703,0.3856,-0.508,0,0.3184,0.9227,0.2175,0,0.5526,0.0058,-0.8334,0,3.214,5.2001,-11.8101,1]},
{"frame":89,"values":[-0.6619,0.3806,-0.6458,0,0.3184,0.9227,0.2175,0,0.6787,-0.0616,-0.7319,0,3.214,5.2001,-11.8101,1]},
{"frame":90,"values":[-0.5552,0.3675,-0.7461,0,0.3184,0.9227,0.2175,0,0.7684,-0.1168,-0.6292,0,3.214,5.2001,-11.8101,1]},
{"frame":91,"values":[-0.5067,0.3596,-0.7835,0,0.3184,0.9227,0.2175,0,0.8012,-0.1392,-0.582,0,3.214,5.2001,-11.8101,1]},
{"frame":111,"values":[-0.5067,0.3596,-0.7835,0,0.3184,0.9227,0.2175,0,0.8012,-0.1392,-0.582,0,3.214,5.2001,-11.8101,1]}],"loopBehavior":1,"name":"anim","property":"_matrix"}},
{"name":"xuong:tai_trai_2","index":5,"matrix":[0.9947,0,0.1031,0,-0.0096,0.9957,0.0924,0,-0.1027,-0.0929,0.9904,0,2.3962,0,0,1],"rest":[1,0,0,0,0,1,0,0,0,0,1,0,2.3962,0,0,1],"parentBoneIndex":4,"length":2.3962
,"animation":{"dataType":3,"framePerSecond":30,"keys":[
{"frame":1,"values":[0.9947,0,0.1031,0,-0.0096,0.9957,0.0924,0,-0.1027,-0.0929,0.9904,0,2.3962,0,0,1]},
{"frame":3,"values":[0.9661,0,0.2581,0,-0.0601,0.9725,0.2249,0,-0.2511,-0.2328,0.9396,0,2.3962,0,0,1]},
