{"producer":{"name":"Blender","version":"2.79 (sub 0)","exporter_version":"5.6.3","file":"Fish21.babylon"},
"autoClear":true,"clearColor":[0.0509,0.0509,0.0509],"ambientColor":[0,0,0],"gravity":[0,-9.81,0],
"materials":[{"name":"Fish21.ca_bom_texture_low","id":"Fish21.ca_bom_texture_low","ambient":[1,1,1],"diffuse":[0.8,0.8,0.8],"specular":[0.5,0.5,0.5],"emissive":[0,0,0],"specularPower":49,"alpha":1,"backFaceCulling":true,"checkReadyOnlyOnce":false,"maxSimultaneousLights":4, 
"diffuseTexture":{"name":"","level":1,"hasAlpha":1,"coordinatesMode":0,"uOffset":0,"vOffset":0,"uScale":1,"vScale":1,"uAng":0,"vAng":0,"wAng":0,"wrapU":1,"wrapV":1,"coordinatesIndex":0}}],
"multiMaterials":[],
"skeletons":[{"name":"xuong:ca_bom","id":0,"dimensionsAtRest":[288.0522,106.434,160.5416],"bones":[
{"name":"xuong:xuong:Bbn_boom01_l","index":0,"matrix":[0.0478,-0.8413,-0.5384,0,0.9986,0.028,0.0449,0,0.0227,0.5398,-0.8415,0,-103.7045,38.1695,44.8873,1],"rest":[0.0279,-0.9996,0.0013,0,0.9986,0.028,0.0449,0,0.0449,0,-0.999,0,-104.4681,37.8774,44.6564,1],"parentBoneIndex":-1,"length":33.468
,"animation":{"dataType":3,"framePerSecond":30,"keys":[
{"frame":1,"values":[0.0017,-0.8657,0.5006,0,0.9986,0.028,0.0449,0,0.0528,-0.4998,-0.8645,0,-104.4681,37.8774,44.6564,1]},
{"frame":2,"values":[0.0024,-0.8681,0.4963,0,0.9986,0.028,0.044,0,0.0521,-0.4955,-0.867,0,-103.9892,38.0607,44.8014,1]},
{"frame":3,"values":[0.0031,-0.874,0.4859,0,0.9986,0.028,0.044,0,0.0521,-0.4851,-0.8729,0,-103.5195,38.24,44.943,1]},
{"frame":4,"values":[0.0036,-0.8828,0.4697,0,0.9986,0.028,0.0449,0,0.0528,-0.4688,-0.8817,0,-103.0777,38.4084,45.0758,1]},
{"frame":5,"values":[0.0049,-0.8941,0.4478,0,0.9986,0.028,0.0449,0,0.0526,-0.4469,-0.893,0,-102.6649,38.5655,45.1998,1]},
{"frame":6,"values":[0.0065,-0.9073,0.4204,0,0.9986,0.028,0.0449,0,0.0525,-0.4195,-0.9062,0,-102.2644,38.7179,45.32,1]},
{"frame":7,"values":[0.0085,-0.9223,0.3864,0,0.9986,0.028,0.0449,0,0.0522,-0.3855,-0.9212,0,-101.837,38.8805,45.4483,1]},
{"frame":8,"values":[0.0106,-0.9375,0.3477,0,0.9986,0.028,0.0449,0,0.0518,-0.3468,-0.9365,0,-101.4032,39.0456,45.5785,1]},
{"frame":9,"values":[0.013,-0.9524,0.3046,0,0.9986,0.028,0.0449,0,0.0513,-0.3036,-0.9514,0,-100.9714,39.2099,45.7082,1]},
{"frame":10,"values":[0.0155,-0.9662,0.2574,0,0.9986,0.028,0.0449,0,0.0506,-0.2563,-0.9653,0,-100.5494,39.3704,45.8348,1]},
{"frame":11,"values":[0.0181,-0.9783,0.2064,0,0.9986,0.028,0.0449,0,0.0497,-0.2053,-0.9774,0,-100.1445,39.5245,45.9564,1]},
{"frame":12,"values":[0.0209,-0.9882,0.1515,0,0.9986,0.028,0.0449,0,0.0486,-0.1504,-0.9874,0,-99.7741,39.6654,46.0676,1]},
{"frame":13,"values":[0.0236,-0.9953,0.0943,0,0.9986,0.028,0.0449,0,0.0473,-0.0931,-0.9945,0,-99.4364,39.7939,46.1689,1]},
{"frame":14,"values":[0.0264,-0.999,0.0352,0,0.9986,0.028,0.0449,0,0.0458,-0.034,-0.9984,0,-99.1346,39.9087,46.2537,1]},
{"frame":15,"values":[0.0291,-0.9993,-0.025,0,0.9986,0.028,0.0449,0,0.0441,0.0263,-0.9987,0,-98.8717,40.0088,46.3385,1]},
{"frame":16,"values":[0.0317,-0.9958,-0.0858,0,0.9986,0.028,0.0449,0,0.0423,0.0871,-0.9953,0,-98.6499,40.0932,46.3963,1]},
{"frame":17,"values":[0.0343,-0.9886,-0.1463,0,0.9986,0.028,0.0449,0,0.0403,0.1476,-0.9882,0,-98.5096,40.1466,46.4541,1]},
{"frame":18,"values":[0.0366,-0.978,-0.2056,0,0.9986,0.028,0.0449,0,0.0381,0.2069,-0.9776,0,-98.3694,40.1999,46.4345,1]},
{"frame":19,"values":[0.0388,-0.964,-0.2631,0,0.9986,0.028,0.0449,0,0.0359,0.2645,-0.9637,0,-98.4101,40.1746,46.415,1]},
{"frame":20,"values":[0.0408,-0.9471,-0.3183,0,0.9986,0.028,0.0449,0,0.0336,0.3197,-0.9469,0,-98.4509,40.1493,46.3954,1]},
{"frame":21,"values":[0.0426,-0.9278,-0.3707,0,0.9986,0.028,0.0449,0,0.0313,0.3721,-0.9277,0,-98.4917,40.1239,46.3759,1]},
{"frame":22,"values":[0.0442,-0.907,-0.4188,0,0.9986,0.028,0.0449,0,0.029,0.4202,-0.907,0,-98.5324,40.0986,46.3563,1]},
{"frame":23,"values":[0.0456,-0.8852,-0.463,0,0.9986,0.028,0.0449,0,0.0268,0.4644,-0.8852,0,-98.5732,40.0733,46.3206,1]},
{"frame":24,"values":[0.0468,-0.8631,-0.5029,0,0.9986,0.028,0.0449,0,0.0247,0.5043,-0.8632,0,-98.7688,40.0479,46.2849,1]},
{"frame":25,"values":[0.0478,-0.8413,-0.5384,0,0.9986,0.028,0.0449,0,0.0227,0.5398,-0.8415,0,-99.0078,39.957,46.2491,1]},
{"frame":26,"values":[0.0486,-0.8207,-0.5693,0,0.9986,0.028,0.0449,0,0.0209,0.5707,-0.8209,0,-99.2882,39.8503,46.2134,1]},
{"frame":27,"values":[0.0494,-0.803,-0.594,0,0.9986,0.028,0.0452,0,0.0197,0.5954,-0.8032,0,-99.6187,39.7246,46.1142,1]},
{"frame":28,"values":[0.0496,-0.788,-0.6136,0,0.9986,0.028,0.0449,0,0.0182,0.615,-0.7883,0,-99.9815,39.5865,46.0053,1]},
{"frame":29,"values":[0.0512,-0.7765,-0.628,0,0.9985,0.028,0.0468,0,0.0187,0.6295,-0.7768,0,-100.3717,39.438,45.8882,1]},
{"frame":30,"values":[0.0522,-0.7689,-0.6372,0,0.9984,0.028,0.0481,0,0.0192,0.6387,-0.7692,0,-100.7837,39.2813,45.7645,1]},
{"frame":31,"values":[0.0529,-0.7657,-0.641,0,0.9984,0.028,0.049,0,0.0196,0.6425,-0.766,0,-101.2113,39.1186,45.6361,1]},
{"frame":32,"values":[0.0529,-0.7689,-0.6372,0,0.9984,0.028,0.0492,0,0.02,0.6387,-0.7692,0,-101.6442,38.9538,45.5062,1]},
{"frame":33,"values":[0.0525,-0.7765,-0.6279,0,0.9984,0.028,0.0489,0,0.0204,0.6295,-0.7767,0,-102.0681,38.7926,45.3789,1]},
{"frame":34,"values":[0.0517,-0.788,-0.6135,0,0.9984,0.028,0.0482,0,0.0208,0.615,-0.7882,0,-102.4731,38.6385,45.2574,1]},
{"frame":35,"values":[0.0503,-0.803,-0.5939,0,0.9985,0.028,0.0468,0,0.021,0.5954,-0.8032,0,-102.8638,38.4898,45.14,1]},
{"frame":36,"values":[0.0486,-0.8207,-0.5693,0,0.9986,0.028,0.0449,0,0.0209,0.5707,-0.8209,0,-103.2591,38.3393,45.0214,1]},
{"frame":37,"values":[0.0478,-0.8413,-0.5384,0,0.9986,0.028,0.0449,0,0.0227,0.5398,-0.8415,0,-103.7045,38.1695,44.8873,1]},
{"frame":38,"values":[0.0468,-0.8631,-0.5029,0,0.9986,0.028,0.0449,0,0.0247,0.5043,-0.8632,0,-104.1788,37.9882,44.744,1]},
{"frame":39,"values":[0.0456,-0.8852,-0.463,0,0.9986,0.028,0.0449,0,0.0268,0.4644,-0.8852,0,-104.6756,37.7974,44.593,1]},
{"frame":40,"values":[0.0442,-0.907,-0.4188,0,0.9986,0.028,0.0449,0,0.029,0.4202,-0.907,0,-105.1879,37.5996,44.4362,1]},
{"frame":41,"values":[0.0426,-0.9278,-0.3707,0,0.9986,0.028,0.0449,0,0.0313,0.3721,-0.9277,0,-105.7084,37.3972,44.2754,1]},
{"frame":42,"values":[0.0408,-0.9471,-0.3183,0,0.9986,0.028,0.0449,0,0.0336,0.3197,-0.9469,0,-106.2242,37.1942,44.1135,1]},
{"frame":43,"values":[0.0388,-0.964,-0.2631,0,0.9986,0.028,0.0449,0,0.0359,0.2645,-0.9637,0,-106.7241,36.9954,43.9544,1]},
{"frame":44,"values":[0.0366,-0.978,-0.2056,0,0.9986,0.028,0.0449,0,0.0381,0.2069,-0.9776,0,-107.1995,36.8042,43.8009,1]},
{"frame":45,"values":[0.0343,-0.9886,-0.1463,0,0.9986,0.028,0.0449,0,0.0403,0.1476,-0.9882,0,-107.6419,36.6241,43.6558,1]},
{"frame":46,"values":[0.0317,-0.9958,-0.0858,0,0.9986,0.028,0.0449,0,0.0423,0.0871,-0.9953,0,-108.0426,36.459,43.5222,1]},
{"frame":47,"values":[0.0291,-0.9993,-0.025,0,0.9986,0.028,0.0449,0,0.0441,0.0263,-0.9987,0,-108.3707,36.3217,43.4106,1]},
{"frame":48,"values":[0.0264,-0.999,0.0352,0,0.9986,0.028,0.0449,0,0.0458,-0.034,-0.9984,0,-108.6318,36.2115,43.3209,1]},
{"frame":49,"values":[0.0236,-0.9953,0.0943,0,0.9986,0.028,0.0449,0,0.0473,-0.0931,-0.9945,0,-108.772,36.1325,43.2721,1]},
{"frame":50,"values":[0.0209,-0.9882,0.1515,0,0.9986,0.028,0.0449,0,0.0486,-0.1504,-0.9874,0,-108.9122,36.1166,43.2233,1]},
{"frame":51,"values":[0.0181,-0.9783,0.2064,0,0.9986,0.028,0.0449,0,0.0497,-0.2053,-0.9774,0,-108.8078,36.1007,43.2597,1]},
{"frame":52,"values":[0.0155,-0.9662,0.2574,0,0.9986,0.028,0.0449,0,0.0506,-0.2563,-0.9653,0,-108.7034,36.1812,43.2962,1]},
{"frame":53,"values":[0.013,-0.9524,0.3046,0,0.9986,0.028,0.0449,0,0.0513,-0.3036,-0.9514,0,-108.4117,36.3044,43.3965,1]},
{"frame":54,"values":[0.0106,-0.9375,0.3477,0,0.9986,0.028,0.0449,0,0.0518,-0.3468,-0.9365,0,-108.0335,36.4623,43.5248,1]},
{"frame":55,"values":[0.0085,-0.9223,0.3864,0,0.9986,0.028,0.0449,0,0.0522,-0.3855,-0.9212,0,-107.585,36.6473,43.6745,1]},
{"frame":56,"values":[0.0065,-0.9073,0.4204,0,0.9986,0.028,0.0449,0,0.0525,-0.4195,-0.9062,0,-107.0826,36.8519,43.8393,1]},
{"frame":57,"values":[0.0049,-0.8941,0.4478,0,0.9986,0.028,0.0449,0,0.0526,-0.4469,-0.893,0,-106.5412,37.0684,44.013,1]},
{"frame":58,"values":[0.0036,-0.8828,0.4697,0,0.9986,0.028,0.0449,0,0.0528,-0.4688,-0.8817,0,-105.9943,37.2846,44.1856,1]},
{"frame":59,"values":[0.0028,-0.874,0.4859,0,0.9986,0.028,0.0444,0,0.0524,-0.4851,-0.8729,0,-105.4569,37.495,44.3531,1]},
{"frame":60,"values":[0.002,-0.8681,0.4963,0,0.9986,0.028,0.0449,0,0.0528,-0.4955,-0.867,0,-104.9435,37.6942,44.5113,1]},
{"frame":61,"values":[0.0017,-0.8657,0.5006,0,0.9986,0.028,0.0449,0,0.0528,-0.4998,-0.8645,0,-104.4681,37.8774,44.6564,1]}],"loopBehavior":1,"name":"anim","property":"_matrix"}},
{"name":"xuong:xuong:Bbn_boom02_l","index":1,"matrix":[1.0062,0,0,0,0,1.0062,0,0,0,0,1.0062,0,0,33.468,0,1],"rest":[1,0,0,0,0,1,0,0,0,0,1,0,0,33.468,0,1],"parentBoneIndex":0,"length":127.4305
,"animation":{"dataType":3,"framePerSecond":30,"keys":[
{"frame":1,"values":[1,0,0,0,0,1,0,0,0,0,1,0,0,33.468,0,1]},
{"frame":17,"values":[1.024,0,0,0,0,1.024,0,0,0,0,1.024,0,0,33.468,0,1]},
{"frame":18,"values":[1.012,0,0,0,0,1.012,0,0,0,0,1.012,0,0,33.468,0,1]},
{"frame":20,"values":[1.024,0,0,0,0,1.024,0,0,0,0,1.024,0,0,33.468,0,1]},
{"frame":21,"values":[1,0,0,0,0,1,0,0,0,0,1,0,0,33.468,0,1]},
{"frame":22,"values":[1.024,0,0,0,0,1.024,0,0,0,0,1.024,0,0,33.468,0,1]},
{"frame":23,"values":[1.012,0,0,0,0,1.012,0,0,0,0,1.012,0,0,33.468,0,1]},
{"frame":25,"values":[1.024,0,0,0,0,1.024,0,0,0,0,1.024,0,0,33.468,0,1]},
{"frame":26,"values":[1,0,0,0,0,1,0,0,0,0,1,0,0,33.468,0,1]},
{"frame":27,"values":[1.012,0,0,0,0,1.012,0,0,0,0,1.012,0,0,33.468,0,1]},
{"frame":28,"values":[1.024,0,0,0,0,1.024,0,0,0,0,1.024,0,0,33.468,0,1]},
{"frame":30,"values":[1.012,0,0,0,0,1.012,0,0,0,0,1.012,0,0,33.468,0,1]},
{"frame":31,"values":[1,0,0,0,0,1,0,0,0,0,1,0,0,33.468,0,1]},
{"frame":32,"values":[1.012,0,0,0,0,1.012,0,0,0,0,1.012,0,0,33.468,0,1]},
{"frame":33,"values":[1.024,0,0,0,0,1.024,0,0,0,0,1.024,0,0,33.468,0,1]},
{"frame":35,"values":[1.012,0,0,0,0,1.012,0,0,0,0,1.012,0,0,33.468,0,1]},
{"frame":36,"values":[1,0,0,0,0,1,0,0,0,0,1,0,0,33.468,0,1]},
{"frame":37,"values":[1.0062,0,0,0,0,1.0062,0,0,0,0,1.0062,0,0,33.468,0,1]},
{"frame":38,"values":[1.0164,0,0,0,0,1.0164,0,0,0,0,1.0164,0,0,33.468,0,1]},
{"frame":39,"values":[1.0253,0,0,0,0,1.0253,0,0,0,0,1.0253,0,0,33.468,0,1]},
{"frame":40,"values":[1.0294,0,0,0,0,1.0294,0,0,0,0,1.0294,0,0,33.468,0,1]},
{"frame":41,"values":[1.0269,0,0,0,0,1.0269,0,0,0,0,1.0269,0,0,33.468,0,1]},
{"frame":42,"values":[1.0209,0,0,0,0,1.0209,0,0,0,0,1.0209,0,0,33.468,0,1]},
{"frame":43,"values":[1.0141,0,0,0,0,1.0141,0,0,0,0,1.0141,0,0,33.468,0,1]},
{"frame":44,"values":[1.0076,0,0,0,0,1.0076,0,0,0,0,1.0076,0,0,33.468,0,1]},
{"frame":45,"values":[1.0025,0,0,0,0,1.0025,0,0,0,0,1.0025,0,0,33.468,0,1]},
{"frame":46,"values":[1,0,0,0,0,1,0,0,0,0,1,0,0,33.468,0,1]},
{"frame":61,"values":[1,0,0,0,0,1,0,0,0,0,1,0,0,33.468,0,1]}],"loopBehavior":1,"name":"anim","property":"_matrix"}},
{"name":"xuong:xuong:Bbn_boom01_r","index":2,"matrix":[-0.0085,0.9223,0.3864,0,0.9986,0.028,-0.0449,0,0.0522,-0.3855,0.9212,0,-101.875,38.8661,-45.4369,1],"rest":[-0.0279,0.9996,0.0013,0,0.9986,0.028,-0.0449,0,0.0449,0,0.999,0,-101.2113,39.1186,-45.6361,1],"parentBoneIndex":-1,"length":33.4684
,"animation":{"dataType":3,"framePerSecond":30,"keys":[
{"frame":1,"values":[-0.0503,0.7657,-0.6412,0,0.9986,0.028,-0.0449,0,0.0164,0.6425,0.7661,0,-101.2113,39.1186,-45.6361,1]},
{"frame":2,"values":[-0.0507,0.7689,-0.6373,0,0.9986,0.028,-0.0456,0,0.0173,0.6387,0.7692,0,-101.6223,38.9622,-45.5127,1]},
{"frame":3,"values":[-0.0506,0.7765,-0.6281,0,0.9986,0.028,-0.0459,0,0.0181,0.6295,0.7768,0,-102.0452,38.8013,-45.3858,1]},
{"frame":4,"values":[-0.0501,0.788,-0.6136,0,0.9986,0.028,-0.0457,0,0.0188,0.615,0.7883,0,-102.4612,38.643,-45.2609,1]},
{"frame":5,"values":[-0.0492,0.803,-0.594,0,0.9986,0.028,-0.0449,0,0.0194,0.5954,0.8032,0,-102.868,38.4882,-45.1388,1]},
{"frame":6,"values":[-0.0486,0.8207,-0.5693,0,0.9986,0.028,-0.0449,0,0.0209,0.5707,0.8209,0,-103.28,38.3314,-45.015,1]},
{"frame":7,"values":[-0.0478,0.8413,-0.5384,0,0.9986,0.028,-0.0449,0,0.0227,0.5398,0.8415,0,-103.747,38.1533,-44.8744,1]},
{"frame":8,"values":[-0.0468,0.8631,-0.5029,0,0.9986,0.028,-0.0449,0,0.0247,0.5043,0.8632,0,-104.2452,37.9627,-44.7238,1]},
{"frame":9,"values":[-0.0456,0.8852,-0.463,0,0.9986,0.028,-0.0449,0,0.0268,0.4644,0.8852,0,-104.7669,37.7622,-44.5651,1]},
{"frame":10,"values":[-0.0442,0.907,-0.4188,0,0.9986,0.028,-0.0449,0,0.029,0.4202,0.907,0,-105.304,37.5544,-44.4003,1]},
{"frame":11,"values":[-0.0426,0.9278,-0.3707,0,0.9986,0.028,-0.0449,0,0.0313,0.3721,0.9277,0,-105.8481,37.3424,-44.2317,1]},
{"frame":12,"values":[-0.0408,0.9471,-0.3183,0,0.9986,0.028,-0.0449,0,0.0336,0.3197,0.9469,0,-106.3831,37.1312,-44.0631,1]},
{"frame":13,"values":[-0.0388,0.964,-0.2631,0,0.9986,0.028,-0.0449,0,0.0359,0.2645,0.9637,0,-106.8966,36.9262,-43.8988,1]},
{"frame":14,"values":[-0.0366,0.978,-0.2056,0,0.9986,0.028,-0.0449,0,0.0381,0.2069,0.9776,0,-107.3789,36.7313,-43.7421,1]},
{"frame":15,"values":[-0.0343,0.9886,-0.1463,0,0.9986,0.028,-0.0449,0,0.0403,0.1476,0.9882,0,-107.8199,36.5508,-43.5965,1]},
{"frame":16,"values":[-0.0317,0.9958,-0.0858,0,0.9986,0.028,-0.0449,0,0.0423,0.0871,0.9953,0,-108.2098,36.3892,-43.4655,1]},
{"frame":17,"values":[-0.0291,0.9993,-0.025,0,0.9986,0.028,-0.0449,0,0.0441,0.0263,0.9987,0,-108.5118,36.2622,-43.3621,1]},
{"frame":18,"values":[-0.0264,0.999,0.0352,0,0.9986,0.028,-0.0449,0,0.0458,-0.034,0.9984,0,-108.7335,36.1682,-43.3008,1]},
{"frame":19,"values":[-0.0236,0.9953,0.0943,0,0.9986,0.028,-0.0449,0,0.0473,-0.0931,0.9945,0,-108.7079,36.1546,-43.2396,1]},
{"frame":20,"values":[-0.0209,0.9882,0.1515,0,0.9986,0.028,-0.0449,0,0.0486,-0.1504,0.9874,0,-108.6823,36.141,-43.2667,1]},
{"frame":21,"values":[-0.0181,0.9783,0.2064,0,0.9986,0.028,-0.0449,0,0.0497,-0.2053,0.9774,0,-108.6567,36.1274,-43.2939,1]},
{"frame":22,"values":[-0.0155,0.9662,0.2574,0,0.9986,0.028,-0.0449,0,0.0506,-0.2563,0.9653,0,-108.6311,36.2117,-43.321,1]},
{"frame":23,"values":[-0.013,0.9524,0.3046,0,0.9986,0.028,-0.0449,0,0.0513,-0.3036,0.9514,0,-108.3516,36.3295,-43.417,1]},
{"frame":24,"values":[-0.0106,0.9375,0.3477,0,0.9986,0.028,-0.0449,0,0.0518,-0.3468,0.9365,0,-108.0008,36.4759,-43.5357,1]},
{"frame":25,"values":[-0.0085,0.9223,0.3864,0,0.9986,0.028,-0.0449,0,0.0522,-0.3855,0.9212,0,-107.5886,36.6458,-43.6732,1]},
{"frame":26,"values":[-0.0065,0.9073,0.4204,0,0.9986,0.028,-0.0449,0,0.0525,-0.4195,0.9062,0,-107.1254,36.8345,-43.8253,1]},
{"frame":27,"values":[-0.0049,0.8941,0.4478,0,0.9986,0.028,-0.0449,0,0.0526,-0.4469,0.893,0,-106.6148,37.0391,-43.9894,1]},
{"frame":28,"values":[-0.0036,0.8828,0.4697,0,0.9986,0.028,-0.0449,0,0.0528,-0.4688,0.8817,0,-106.0839,37.2493,-44.1574,1]},
{"frame":29,"values":[-0.0028,0.874,0.4859,0,0.9986,0.028,-0.0444,0,0.0524,-0.4851,0.8729,0,-105.5427,37.4615,-44.3264,1]},
{"frame":30,"values":[-0.002,0.8681,0.4963,0,0.9986,0.028,-0.0449,0,0.0528,-0.4955,0.867,0,-105.0009,37.6719,-44.4936,1]},
{"frame":31,"values":[-0.0025,0.8657,0.5006,0,0.9987,0.028,-0.0434,0,0.0516,-0.4998,0.8646,0,-104.4681,37.8774,-44.6563,1]},
{"frame":32,"values":[-0.0029,0.8681,0.4963,0,0.9987,0.028,-0.0431,0,0.0513,-0.4955,0.8671,0,-103.9644,38.0702,-44.8088,1]},
{"frame":33,"values":[-0.0033,0.874,0.4859,0,0.9987,0.028,-0.0435,0,0.0516,-0.4851,0.8729,0,-103.4945,38.2496,-44.9504,1]},
{"frame":34,"values":[-0.0036,0.8828,0.4697,0,0.9986,0.028,-0.0449,0,0.0528,-0.4688,0.8817,0,-103.0651,38.4132,-45.0796,1]},
{"frame":35,"values":[-0.0049,0.8941,0.4478,0,0.9986,0.028,-0.0449,0,0.0526,-0.4469,0.893,0,-102.6688,38.564,-45.1986,1]},
{"frame":36,"values":[-0.0065,0.9073,0.4204,0,0.9986,0.028,-0.0449,0,0.0525,-0.4195,0.9062,0,-102.2842,38.7104,-45.314,1]},
{"frame":37,"values":[-0.0085,0.9223,0.3864,0,0.9986,0.028,-0.0449,0,0.0522,-0.3855,0.9212,0,-101.875,38.8661,-45.4369,1]},
{"frame":38,"values":[-0.0106,0.9375,0.3477,0,0.9986,0.028,-0.0449,0,0.0518,-0.3468,0.9365,0,-101.4595,39.0242,-45.5616,1]},
{"frame":39,"values":[-0.013,0.9524,0.3046,0,0.9986,0.028,-0.0449,0,0.0513,-0.3036,0.9514,0,-101.045,39.1819,-45.6861,1]},
{"frame":40,"values":[-0.0155,0.9662,0.2574,0,0.9986,0.028,-0.0449,0,0.0506,-0.2563,0.9653,0,-100.6382,39.3367,-45.8082,1]},
{"frame":41,"values":[-0.0181,0.9783,0.2064,0,0.9986,0.028,-0.0449,0,0.0497,-0.2053,0.9774,0,-100.2456,39.4861,-45.926,1]},
{"frame":42,"values":[-0.0209,0.9882,0.1515,0,0.9986,0.028,-0.0449,0,0.0486,-0.1504,0.9874,0,-99.8826,39.6242,-46.035,1]},
{"frame":43,"values":[-0.0236,0.9953,0.0943,0,0.9986,0.028,-0.0449,0,0.0473,-0.0931,0.9945,0,-99.548,39.7516,-46.1355,1]},
{"frame":44,"values":[-0.0264,0.999,0.0352,0,0.9986,0.028,-0.0449,0,0.0458,-0.034,0.9984,0,-99.2449,39.8669,-46.2213,1]},
{"frame":45,"values":[-0.0291,0.9993,-0.025,0,0.9986,0.028,-0.0449,0,0.0441,0.0263,0.9987,0,-98.9759,39.9693,-46.3072,1]},
{"frame":46,"values":[-0.0317,0.9958,-0.0858,0,0.9986,0.028,-0.0449,0,0.0423,0.0871,0.9953,0,-98.7434,40.0577,-46.3692,1]},
{"frame":47,"values":[-0.0343,0.9886,-0.1463,0,0.9986,0.028,-0.0449,0,0.0403,0.1476,0.9882,0,-98.5832,40.1187,-46.4312,1]},
{"frame":48,"values":[-0.0366,0.978,-0.2056,0,0.9986,0.028,-0.0449,0,0.0381,0.2069,0.9776,0,-98.4229,40.1797,-46.4145,1]},
{"frame":49,"values":[-0.0388,0.964,-0.2631,0,0.9986,0.028,-0.0449,0,0.0359,0.2645,0.9637,0,-98.4464,40.159,-46.3977,1]},
{"frame":50,"values":[-0.0408,0.9471,-0.3183,0,0.9986,0.028,-0.0449,0,0.0336,0.3197,0.9469,0,-98.4698,40.1382,-46.381,1]},
{"frame":51,"values":[-0.0426,0.9278,-0.3707,0,0.9986,0.028,-0.0449,0,0.0313,0.3721,0.9277,0,-98.4932,40.1175,-46.3643,1]},
{"frame":52,"values":[-0.0442,0.907,-0.4188,0,0.9986,0.028,-0.0449,0,0.029,0.4202,0.907,0,-98.5167,40.0968,-46.3475,1]},
{"frame":53,"values":[-0.0456,0.8852,-0.463,0,0.9986,0.028,-0.0449,0,0.0268,0.4644,0.8852,0,-98.5401,40.0761,-46.3307,1]},
{"frame":54,"values":[-0.0468,0.8631,-0.5029,0,0.9986,0.028,-0.0449,0,0.0247,0.5043,0.8632,0,-98.7497,40.0554,-46.2891,1]},
{"frame":55,"values":[-0.0478,0.8413,-0.5384,0,0.9986,0.028,-0.0449,0,0.0227,0.5398,0.8415,0,-99.009,39.9567,-46.2475,1]},
{"frame":56,"values":[-0.0486,0.8207,-0.5693,0,0.9986,0.028,-0.0449,0,0.0209,0.5707,0.8209,0,-99.3136,39.8408,-46.2058,1]},
{"frame":57,"values":[-0.0494,0.803,-0.594,0,0.9986,0.028,-0.0452,0,0.0197,0.5954,0.8032,0,-99.6665,39.7065,-46.0999,1]},
{"frame":58,"values":[-0.0496,0.788,-0.6136,0,0.9986,0.028,-0.0449,0,0.0182,0.615,0.7883,0,-100.0436,39.563,-45.9867,1]},
{"frame":59,"values":[-0.0503,0.7765,-0.6281,0,0.9986,0.028,-0.0454,0,0.0177,0.6295,0.7768,0,-100.4346,39.4142,-45.8693,1]},
{"frame":60,"values":[-0.0505,0.7689,-0.6374,0,0.9986,0.028,-0.0454,0,0.0171,0.6387,0.7692,0,-100.828,39.2645,-45.7512,1]},
{"frame":61,"values":[-0.0503,0.7657,-0.6412,0,0.9986,0.028,-0.0449,0,0.0164,0.6425,0.7661,0,-101.2113,39.1186,-45.6361,1]}],"loopBehavior":1,"name":"anim","property":"_matrix"}},
{"name":"xuong:xuong:Bbn_boom02_r","index":3,"matrix":[1.0062,0,0,0,0,1.0062,0,0,0,0,1.0062,0,0,33.4684,0,1],"rest":[1,0,0,0,0,1,0,0,0,0,1,0,0,33.4683,0,1],"parentBoneIndex":2,"length":127.4305
,"animation":{"dataType":3,"framePerSecond":30,"keys":[
{"frame":1,"values":[1,0,0,0,0,1,0,0,0,0,1,0,0,33.4684,0,1]},
{"frame":2,"values":[1,0,0,0,0,1,0,0,0,0,1,0,0,33.4683,0,1]},
{"frame":4,"values":[1,0,0,0,0,1,0,0,0,0,1,0,0,33.4684,0,1]},
{"frame":6,"values":[1,0,0,0,0,1,0,0,0,0,1,0,0,33.4683,0,1]},
{"frame":7,"values":[1,0,0,0,0,1,0,0,0,0,1,0,0,33.4684,0,1]},
{"frame":11,"values":[1,0,0,0,0,1,0,0,0,0,1,0,0,33.4683,0,1]},
{"frame":12,"values":[1,0,0,0,0,1,0,0,0,0,1,0,0,33.4684,0,1]},
{"frame":14,"values":[1,0,0,0,0,1,0,0,0,0,1,0,0,33.4683,0,1]},
{"frame":15,"values":[1,0,0,0,0,1,0,0,0,0,1,0,0,33.4684,0,1]},
{"frame":17,"values":[1.024,0,0,0,0,1.024,0,0,0,0,1.024,0,0,33.4684,0,1]},
{"frame":18,"values":[1.012,0,0,0,0,1.012,0,0,0,0,1.012,0,0,33.4684,0,1]},
{"frame":20,"values":[1.024,0,0,0,0,1.024,0,0,0,0,1.024,0,0,33.4684,0,1]},
{"frame":21,"values":[1,0,0,0,0,1,0,0,0,0,1,0,0,33.4683,0,1]},
{"frame":22,"values":[1.024,0,0,0,0,1.024,0,0,0,0,1.024,0,0,33.4683,0,1]},
{"frame":23,"values":[1.012,0,0,0,0,1.012,0,0,0,0,1.012,0,0,33.4684,0,1]},
{"frame":25,"values":[1.024,0,0,0,0,1.024,0,0,0,0,1.024,0,0,33.4684,0,1]},
{"frame":26,"values":[1,0,0,0,0,1,0,0,0,0,1,0,0,33.4684,0,1]},
{"frame":27,"values":[1.012,0,0,0,0,1.012,0,0,0,0,1.012,0,0,33.4684,0,1]},
{"frame":28,"values":[1.024,0,0,0,0,1.024,0,0,0,0,1.024,0,0,33.4683,0,1]},
{"frame":29,"values":[1.024,0,0,0,0,1.024,0,0,0,0,1.024,0,0,33.4684,0,1]},
{"frame":30,"values":[1.012,0,0,0,0,1.012,0,0,0,0,1.012,0,0,33.4684,0,1]},
{"frame":31,"values":[1,0,0,0,0,1,0,0,0,0,1,0,0,33.4684,0,1]},
{"frame":32,"values":[1.012,0,0,0,0,1.012,0,0,0,0,1.012,0,0,33.4683,0,1]},
{"frame":33,"values":[1.024,0,0,0,0,1.024,0,0,0,0,1.024,0,0,33.4684,0,1]},
{"frame":34,"values":[1.024,0,0,0,0,1.024,0,0,0,0,1.024,0,0,33.4683,0,1]},
{"frame":35,"values":[1.012,0,0,0,0,1.012,0,0,0,0,1.012,0,0,33.4684,0,1]},
{"frame":36,"values":[1,0,0,0,0,1,0,0,0,0,1,0,0,33.4684,0,1]},
{"frame":37,"values":[1.0062,0,0,0,0,1.0062,0,0,0,0,1.0062,0,0,33.4684,0,1]},
{"frame":38,"values":[1.0164,0,0,0,0,1.0164,0,0,0,0,1.0164,0,0,33.4684,0,1]},
{"frame":39,"values":[1.0253,0,0,0,0,1.0253,0,0,0,0,1.0253,0,0,33.4684,0,1]},
{"frame":40,"values":[1.0294,0,0,0,0,1.0294,0,0,0,0,1.0294,0,0,33.4684,0,1]},
{"frame":41,"values":[1.0269,0,0,0,0,1.0269,0,0,0,0,1.0269,0,0,33.4683,0,1]},
{"frame":42,"values":[1.0209,0,0,0,0,1.0209,0,0,0,0,1.0209,0,0,33.4684,0,1]},
{"frame":43,"values":[1.0141,0,0,0,0,1.0141,0,0,0,0,1.0141,0,0,33.4684,0,1]},
{"frame":44,"values":[1.0076,0,0,0,0,1.0076,0,0,0,0,1.0076,0,0,33.4684,0,1]},
{"frame":45,"values":[1.0025,0,0,0,0,1.0025,0,0,0,0,1.0025,0,0,33.4684,0,1]},
{"frame":46,"values":[1,0,0,0,0,1,0,0,0,0,1,0,0,33.4684,0,1]},
{"frame":58,"values":[1,0,0,0,0,1,0,0,0,0,1,0,0,33.4683,0,1]},
{"frame":59,"values":[1,0,0,0,0,1,0,0,0,0,1,0,0,33.4684,0,1]},
{"frame":61,"values":[1,0,0,0,0,1,0,0,0,0,1,0,0,33.4684,0,1]}],"loopBehavior":1,"name":"anim","property":"_matrix"}},
{"name":"xuong:xuong:be_root01","index":4,"matrix":[-1,0,0,0,0,1,0,0,0,0,1,0,0,-10.7637,0,1],"rest":[-1,0,0,0,0,1,0,0,0,0,1,0,0,-10.7637,0,1],"parentBoneIndex":-1,"length":10.6564
,"animation":{"dataType":3,"framePerSecond":30,"keys":[
{"frame":1,"values":[-1,0,0,0,0,1,0,0,0,0,1,0,0,-10.7637,0,1]},
{"frame":61,"values":[-1,0,0,0,0,1,0,0,0,0,1,0,0,-10.7637,0,1]}],"loopBehavior":1,"name":"anim","property":"_matrix"}},
{"name":"xuong:xuong:be_head01","index":5,"matrix":[0.0049,0.9982,-0.0604,0,-0.9981,0.0086,0.0605,0,0.0609,0.06,0.9963,0,0,-10.5492,-2.4792,1],"rest":[0.0097,1,0,0,-1,0.0097,0,0,0,0,1,0,0,-10.5492,0,1],"parentBoneIndex":4,"length":77.2386
,"animation":{"dataType":3,"framePerSecond":30,"keys":[
{"frame":1,"values":[0.0097,1,0,0,-1,0.0097,0,0,0,0,1,0,0,-10.5492,0,1]},
{"frame":2,"values":[0.0091,0.9999,0.0088,0,-0.9999,0.0092,-0.0088,0,-0.0088,-0.0087,0.9999,0,0,-10.5492,0.3588,1]},
{"frame":3,"values":[0.0085,0.9998,0.0183,0,-0.9998,0.0088,-0.0183,0,-0.0185,-0.0181,0.9997,0,0,-10.5492,0.7488,1]},
{"frame":4,"values":[0.0079,0.9996,0.0284,0,-0.9996,0.0087,-0.0284,0,-0.0287,-0.0282,0.9992,0,0,-10.5492,1.1632,1]},
{"frame":5,"values":[0.0072,0.9992,0.0389,0,-0.9992,0.0088,-0.039,0,-0.0393,-0.0386,0.9985,0,0,-10.5492,1.5949,1]},
{"frame":6,"values":[0.0066,0.9987,0.0497,0,-0.9987,0.0091,-0.0498,0,-0.0501,-0.0493,0.9975,0,0,-10.5492,2.037,1]},
{"frame":7,"values":[0.006,0.9982,0.0604,0,-0.9981,0.0097,-0.0605,0,-0.061,-0.06,0.9963,0,0,-10.5492,2.4792,1]},
{"frame":8,"values":[0.0045,0.9975,0.0709,0,-0.9974,0.0095,-0.0711,0,-0.0716,-0.0704,0.9949,0,0,-10.5492,2.9109,1]},
{"frame":9,"values":[0.003,0.9967,0.0809,0,-0.9967,0.0095,-0.0812,0,-0.0817,-0.0804,0.9934,0,0,-10.5492,3.3252,1]},
{"frame":10,"values":[0.0014,0.9959,0.0903,0,-0.9958,0.0097,-0.0907,0,-0.0912,-0.0898,0.9918,0,0,-10.5492,3.7153,1]},
{"frame":11,"values":[-0.0002,0.9951,0.0989,0,-0.995,0.0097,-0.0994,0,-0.0999,-0.0984,0.9901,0,0,-10.5492,4.0741,1]},
{"frame":12,"values":[-0.0018,0.9943,0.1061,0,-0.9942,0.0096,-0.1068,0,-0.1072,-0.1057,0.9886,0,0,-10.5492,4.3773,1]},
{"frame":13,"values":[-0.0028,0.9937,0.1121,0,-0.9936,0.0099,-0.1129,0,-0.1133,-0.1117,0.9873,0,0,-10.5492,4.6285,1]},
{"frame":14,"values":[-0.0039,0.9932,0.1167,0,-0.993,0.01,-0.1175,0,-0.1179,-0.1163,0.9862,0,0,-10.5492,4.8206,1]},
{"frame":15,"values":[-0.0049,0.9928,0.1197,0,-0.9927,0.0096,-0.1206,0,-0.1209,-0.1194,0.9855,0,0,-10.5492,4.9468,1]},
{"frame":16,"values":[-0.0043,0.9926,0.121,0,-0.9925,0.0106,-0.1219,0,-0.1223,-0.1206,0.9851,0,0,-10.5492,5,1]},
{"frame":17,"values":[-0.0036,0.9928,0.1197,0,-0.9926,0.0109,-0.1206,0,-0.121,-0.1193,0.9855,0,0,-10.5492,4.9468,1]},
{"frame":18,"values":[-0.003,0.9932,0.1167,0,-0.993,0.0108,-0.1175,0,-0.118,-0.1162,0.9862,0,0,-10.5492,4.8206,1]},
{"frame":19,"values":[-0.0024,0.9937,0.1121,0,-0.9936,0.0104,-0.1129,0,-0.1133,-0.1117,0.9873,0,0,-10.5492,4.6285,1]},
{"frame":20,"values":[-0.0018,0.9943,0.1061,0,-0.9942,0.0096,-0.1068,0,-0.1072,-0.1057,0.9886,0,0,-10.5492,4.3773,1]},
{"frame":21,"values":[-0.0002,0.9951,0.0989,0,-0.995,0.0097,-0.0994,0,-0.0999,-0.0984,0.9901,0,0,-10.5492,4.0741,1]},
{"frame":22,"values":[0.0014,0.9959,0.0903,0,-0.9958,0.0097,-0.0907,0,-0.0912,-0.0898,0.9918,0,0,-10.5492,3.7153,1]},
{"frame":23,"values":[0.003,0.9967,0.0809,0,-0.9967,0.0096,-0.0812,0,-0.0817,-0.0804,0.9934,0,0,-10.5492,3.3252,1]},
{"frame":24,"values":[0.0046,0.9975,0.0709,0,-0.9974,0.0097,-0.0711,0,-0.0716,-0.0704,0.9949,0,0,-10.5492,2.9109,1]},
{"frame":25,"values":[0.0058,0.9982,0.0604,0,-0.9981,0.0095,-0.0605,0,-0.061,-0.06,0.9963,0,0,-10.5492,2.4792,1]},
{"frame":26,"values":[0.007,0.9987,0.0497,0,-0.9987,0.0095,-0.0498,0,-0.0502,-0.0493,0.9975,0,0,-10.5492,2.037,1]},
{"frame":27,"values":[0.0082,0.9992,0.0389,0,-0.9992,0.0097,-0.039,0,-0.0393,-0.0386,0.9985,0,0,-10.5492,1.5949,1]},
{"frame":28,"values":[0.0078,0.9996,0.0284,0,-0.9996,0.0087,-0.0284,0,-0.0287,-0.0282,0.9992,0,0,-10.5492,1.1632,1]},
{"frame":29,"values":[0.0075,0.9998,0.0183,0,-0.9998,0.0079,-0.0183,0,-0.0184,-0.0182,0.9997,0,0,-10.5492,0.7488,1]},
{"frame":30,"values":[0.0072,0.9999,0.0088,0,-0.9999,0.0073,-0.0088,0,-0.0088,-0.0087,0.9999,0,0,-10.5492,0.3588,1]},
{"frame":31,"values":[0.0069,1,0,0,-1,0.0069,0,0,0,0,1,0,0,-10.5492,0,1]},
{"frame":32,"values":[0.0066,0.9999,-0.0088,0,-0.9999,0.0066,0.0088,0,0.0088,0.0087,0.9999,0,0,-10.5492,-0.3588,1]},
{"frame":33,"values":[0.0062,0.9998,-0.0183,0,-0.9998,0.0066,0.0183,0,0.0184,0.0182,0.9997,0,0,-10.5492,-0.7488,1]},
{"frame":34,"values":[0.0059,0.9996,-0.0284,0,-0.9996,0.0067,0.0284,0,0.0286,0.0282,0.9992,0,0,-10.5492,-1.1632,1]},
{"frame":35,"values":[0.0056,0.9992,-0.0389,0,-0.9992,0.0071,0.039,0,0.0392,0.0387,0.9985,0,0,-10.5492,-1.5949,1]},
{"frame":36,"values":[0.0053,0.9988,-0.0497,0,-0.9987,0.0077,0.0498,0,0.0501,0.0494,0.9975,0,0,-10.5492,-2.037,1]},
{"frame":37,"values":[0.0049,0.9982,-0.0604,0,-0.9981,0.0086,0.0605,0,0.0609,0.06,0.9963,0,0,-10.5492,-2.4792,1]},
{"frame":38,"values":[0.0038,0.9975,-0.0709,0,-0.9974,0.0088,0.0711,0,0.0715,0.0704,0.9949,0,0,-10.5492,-2.9109,1]},
{"frame":39,"values":[0.0026,0.9967,-0.0809,0,-0.9967,0.0092,0.0812,0,0.0816,0.0804,0.9934,0,0,-10.5492,-3.3252,1]},
{"frame":40,"values":[0.0014,0.9959,-0.0903,0,-0.9958,0.0097,0.0907,0,0.0912,0.0898,0.9918,0,0,-10.5492,-3.7153,1]},
{"frame":41,"values":[-0.0002,0.9951,-0.0989,0,-0.995,0.0097,0.0994,0,0.0999,0.0984,0.9901,0,0,-10.5492,-4.0741,1]},
{"frame":42,"values":[-0.0018,0.9943,-0.1061,0,-0.9942,0.0096,0.1068,0,0.1072,0.1057,0.9886,0,0,-10.5492,-4.3773,1]},
{"frame":43,"values":[-0.0028,0.9937,-0.1121,0,-0.9936,0.0099,0.1129,0,0.1133,0.1117,0.9873,0,0,-10.5492,-4.6285,1]},
{"frame":44,"values":[-0.0039,0.9932,-0.1167,0,-0.993,0.01,0.1175,0,0.1179,0.1163,0.9862,0,0,-10.5492,-4.8206,1]},
{"frame":45,"values":[-0.0049,0.9928,-0.1197,0,-0.9927,0.0096,0.1206,0,0.1209,0.1194,0.9855,0,0,-10.5492,-4.9468,1]},
{"frame":46,"values":[-0.0043,0.9926,-0.121,0,-0.9925,0.0106,0.1219,0,0.1223,0.1206,0.9851,0,0,-10.5492,-5,1]},
{"frame":47,"values":[-0.0036,0.9928,-0.1197,0,-0.9926,0.0109,0.1206,0,0.121,0.1193,0.9855,0,0,-10.5492,-4.9468,1]},
{"frame":48,"values":[-0.003,0.9932,-0.1167,0,-0.993,0.0108,0.1175,0,0.118,0.1162,0.9862,0,0,-10.5492,-4.8206,1]},
{"frame":49,"values":[-0.0024,0.9937,-0.1121,0,-0.9936,0.0104,0.1129,0,0.1133,0.1117,0.9873,0,0,-10.5492,-4.6285,1]},
{"frame":50,"values":[-0.0018,0.9943,-0.1061,0,-0.9942,0.0096,0.1068,0,0.1072,0.1057,0.9886,0,0,-10.5492,-4.3773,1]},
{"frame":51,"values":[-0.0002,0.9951,-0.0989,0,-0.995,0.0097,0.0994,0,0.0999,0.0984,0.9901,0,0,-10.5492,-4.0741,1]},
{"frame":52,"values":[0.0014,0.9959,-0.0903,0,-0.9958,0.0097,0.0907,0,0.0912,0.0898,0.9918,0,0,-10.5492,-3.7153,1]},
{"frame":53,"values":[0.003,0.9967,-0.0809,0,-0.9967,0.0096,0.0812,0,0.0817,0.0804,0.9934,0,0,-10.5492,-3.3252,1]},
{"frame":54,"values":[0.0046,0.9975,-0.0709,0,-0.9974,0.0097,0.0711,0,0.0716,0.0704,0.9949,0,0,-10.5492,-2.9109,1]},
{"frame":55,"values":[0.0058,0.9982,-0.0604,0,-0.9981,0.0095,0.0605,0,0.061,0.06,0.9963,0,0,-10.5492,-2.4792,1]},
{"frame":56,"values":[0.007,0.9987,-0.0497,0,-0.9987,0.0095,0.0498,0,0.0502,0.0493,0.9975,0,0,-10.5492,-2.037,1]},
{"frame":57,"values":[0.0082,0.9992,-0.0389,0,-0.9992,0.0097,0.039,0,0.0393,0.0386,0.9985,0,0,-10.5492,-1.5949,1]},
{"frame":58,"values":[0.0086,0.9996,-0.0284,0,-0.9996,0.0094,0.0284,0,0.0287,0.0282,0.9992,0,0,-10.5492,-1.1632,1]},
{"frame":59,"values":[0.0089,0.9998,-0.0183,0,-0.9998,0.0093,0.0183,0,0.0185,0.0181,0.9997,0,0,-10.5492,-0.7488,1]},
{"frame":60,"values":[0.0093,0.9999,-0.0088,0,-0.9999,0.0094,0.0088,0,0.0088,0.0087,0.9999,0,0,-10.5492,-0.3588,1]},
{"frame":61,"values":[0.0097,1,0,0,-1,0.0097,0,0,0,0,1,0,0,-10.5492,0,1]}],"loopBehavior":1,"name":"anim","property":"_matrix"}},
{"name":"xuong:xuong:bn_head02","index":6,"matrix":[0.2377,0.9713,0,0,0.9713,-0.2377,0,0,0,0,-1,0,0,77.2386,0,1],"rest":[0.2377,0.9713,0,0,0.9713,-0.2377,0,0,0,0,-1,0,0,77.2386,0,1],"parentBoneIndex":5,"length":75.3769
,"animation":{"dataType":3,"framePerSecond":30,"keys":[
{"frame":1,"values":[0.2377,0.9713,0,0,0.9713,-0.2377,0,0,0,0,-1,0,0,77.2386,0,1]},
{"frame":61,"values":[0.2377,0.9713,0,0,0.9713,-0.2377,0,0,0,0,-1,0,0,77.2386,0,1]}],"loopBehavior":1,"name":"anim","property":"_matrix"}},
{"name":"xuong:xuong:EBbn_eyebrow01_r","index":7,"matrix":[0.3241,0.946,-0.0033,0,0.9404,-0.3225,-0.1079,0,-0.1032,0.0318,-0.9942,0,0.6859,29.0114,70.3718,1],"rest":[0.3241,0.946,-0.0033,0,0.9404,-0.3225,-0.1079,0,-0.1032,0.0318,-0.9942,0,0,27.009,70.3718,1],"parentBoneIndex":6,"length":26.2711
,"animation":{"dataType":3,"framePerSecond":30,"keys":[
{"frame":1,"values":[0.3241,0.946,-0.0033,0,0.9404,-0.3225,-0.1079,0,-0.1032,0.0318,-0.9942,0,0,27.009,70.3718,1]},
{"frame":2,"values":[0.3241,0.946,-0.0033,0,0.9404,-0.3225,-0.1079,0,-0.1032,0.0318,-0.9942,0,0.0306,27.0983,70.3718,1]},
{"frame":3,"values":[0.3241,0.946,-0.0033,0,0.9404,-0.3225,-0.1079,0,-0.1032,0.0318,-0.9942,0,0.1017,27.3059,70.3718,1]},
{"frame":4,"values":[0.3241,0.946,-0.0033,0,0.9404,-0.3225,-0.1079,0,-0.1032,0.0318,-0.9942,0,0.2079,27.616,70.3718,1]},
{"frame":5,"values":[0.3241,0.946,-0.0033,0,0.9404,-0.3225,-0.1079,0,-0.1032,0.0318,-0.9942,0,0.3439,28.0128,70.3718,1]},
{"frame":6,"values":[0.3241,0.946,-0.0033,0,0.9404,-0.3225,-0.1079,0,-0.1032,0.0318,-0.9942,0,0.5041,28.4806,70.3718,1]},
{"frame":7,"values":[0.3241,0.946,-0.0033,0,0.9404,-0.3225,-0.1079,0,-0.1032,0.0318,-0.9942,0,0.6859,29.0114,70.3718,1]},
{"frame":8,"values":[0.3241,0.946,-0.0033,0,0.9404,-0.3225,-0.1079,0,-0.1032,0.0318,-0.9942,0,0.8759,29.5659,70.3718,1]},
{"frame":9,"values":[0.3241,0.946,-0.0033,0,0.9404,-0.3225,-0.1079,0,-0.1032,0.0318,-0.9942,0,1.0685,30.1282,70.3718,1]},
{"frame":10,"values":[0.3241,0.946,-0.0033,0,0.9404,-0.3225,-0.1079,0,-0.1032,0.0318,-0.9942,0,1.2584,30.6827,70.3718,1]},
{"frame":11,"values":[0.3241,0.946,-0.0033,0,0.9404,-0.3225,-0.1079,0,-0.1032,0.0318,-0.9942,0,1.4403,31.2136,70.3718,1]},
{"frame":12,"values":[0.3241,0.946,-0.0033,0,0.9404,-0.3225,-0.1079,0,-0.1032,0.0318,-0.9942,0,1.6005,31.6813,70.3718,1]},
{"frame":13,"values":[0.3241,0.946,-0.0033,0,0.9404,-0.3225,-0.1079,0,-0.1032,0.0318,-0.9942,0,1.7364,32.0781,70.3718,1]},
{"frame":14,"values":[0.3241,0.946,-0.0033,0,0.9404,-0.3225,-0.1079,0,-0.1032,0.0318,-0.9942,0,1.8426,32.3882,70.3718,1]},
{"frame":15,"values":[0.3241,0.946,-0.0033,0,0.9404,-0.3225,-0.1079,0,-0.1032,0.0318,-0.9942,0,1.9138,32.5958,70.3718,1]},
{"frame":16,"values":[0.3241,0.946,-0.0033,0,0.9404,-0.3225,-0.1079,0,-0.1032,0.0318,-0.9942,0,1.9444,32.6852,70.3718,1]},
{"frame":17,"values":[0.3241,0.946,-0.0033,0,0.9404,-0.3225,-0.1079,0,-0.1032,0.0318,-0.9942,0,1.9138,32.5958,70.3718,1]},
{"frame":18,"values":[0.3241,0.946,-0.0033,0,0.9404,-0.3225,-0.1079,0,-0.1032,0.0318,-0.9942,0,1.8426,32.3882,70.3718,1]},
{"frame":19,"values":[0.3241,0.946,-0.0033,0,0.9404,-0.3225,-0.1079,0,-0.1032,0.0318,-0.9942,0,1.7364,32.0781,70.3718,1]},
{"frame":20,"values":[0.3241,0.946,-0.0033,0,0.9404,-0.3225,-0.1079,0,-0.1032,0.0318,-0.9942,0,1.6005,31.6813,70.3718,1]},
{"frame":21,"values":[0.3241,0.946,-0.0033,0,0.9404,-0.3225,-0.1079,0,-0.1032,0.0318,-0.9942,0,1.4403,31.2136,70.3718,1]},
{"frame":22,"values":[0.3241,0.946,-0.0033,0,0.9404,-0.3225,-0.1079,0,-0.1032,0.0318,-0.9942,0,1.2584,30.6827,70.3718,1]},
{"frame":23,"values":[0.3241,0.946,-0.0033,0,0.9404,-0.3225,-0.1079,0,-0.1032,0.0318,-0.9942,0,1.0685,30.1282,70.3718,1]},
{"frame":24,"values":[0.3241,0.946,-0.0033,0,0.9404,-0.3225,-0.1079,0,-0.1032,0.0318,-0.9942,0,0.8758,29.5659,70.3718,1]},
{"frame":25,"values":[0.3241,0.946,-0.0033,0,0.9404,-0.3225,-0.1079,0,-0.1032,0.0318,-0.9942,0,0.6859,29.0114,70.3718,1]},
{"frame":26,"values":[0.3241,0.946,-0.0033,0,0.9404,-0.3225,-0.1079,0,-0.1032,0.0318,-0.9942,0,0.5041,28.4806,70.3718,1]},
{"frame":27,"values":[0.3241,0.946,-0.0033,0,0.9404,-0.3225,-0.1079,0,-0.1032,0.0318,-0.9942,0,0.3439,28.0128,70.3718,1]},
{"frame":28,"values":[0.3241,0.946,-0.0033,0,0.9404,-0.3225,-0.1079,0,-0.1032,0.0318,-0.9942,0,0.2079,27.616,70.3718,1]},
{"frame":29,"values":[0.3241,0.946,-0.0033,0,0.9404,-0.3225,-0.1079,0,-0.1032,0.0318,-0.9942,0,0.1017,27.3059,70.3718,1]},
{"frame":30,"values":[0.3241,0.946,-0.0033,0,0.9404,-0.3225,-0.1079,0,-0.1032,0.0318,-0.9942,0,0.0306,27.0983,70.3718,1]},
{"frame":31,"values":[0.3241,0.946,-0.0033,0,0.9404,-0.3225,-0.1079,0,-0.1032,0.0318,-0.9942,0,0,27.009,70.3718,1]},
{"frame":32,"values":[0.3241,0.946,-0.0033,0,0.9404,-0.3225,-0.1079,0,-0.1032,0.0318,-0.9942,0,0.0306,27.0983,70.3718,1]},
{"frame":33,"values":[0.3241,0.946,-0.0033,0,0.9404,-0.3225,-0.1079,0,-0.1032,0.0318,-0.9942,0,0.1017,27.3059,70.3718,1]},
{"frame":34,"values":[0.3241,0.946,-0.0033,0,0.9404,-0.3225,-0.1079,0,-0.1032,0.0318,-0.9942,0,0.2079,27.616,70.3718,1]},
{"frame":35,"values":[0.3241,0.946,-0.0033,0,0.9404,-0.3225,-0.1079,0,-0.1032,0.0318,-0.9942,0,0.3438,28.0128,70.3718,1]},
{"frame":36,"values":[0.3241,0.946,-0.0033,0,0.9404,-0.3225,-0.1079,0,-0.1032,0.0318,-0.9942,0,0.5041,28.4806,70.3718,1]},
{"frame":37,"values":[0.3241,0.946,-0.0033,0,0.9404,-0.3225,-0.1079,0,-0.1032,0.0318,-0.9942,0,0.6859,29.0114,70.3718,1]},
{"frame":38,"values":[0.3241,0.946,-0.0033,0,0.9404,-0.3225,-0.1079,0,-0.1032,0.0318,-0.9942,0,0.8759,29.5659,70.3718,1]},
{"frame":39,"values":[0.3241,0.946,-0.0033,0,0.9404,-0.3225,-0.1079,0,-0.1032,0.0318,-0.9942,0,1.0685,30.1282,70.3718,1]},
{"frame":40,"values":[0.3241,0.946,-0.0033,0,0.9404,-0.3225,-0.1079,0,-0.1032,0.0318,-0.9942,0,1.2584,30.6827,70.3718,1]},
{"frame":41,"values":[0.3241,0.946,-0.0033,0,0.9404,-0.3225,-0.1079,0,-0.1032,0.0318,-0.9942,0,1.4403,31.2136,70.3718,1]},
{"frame":42,"values":[0.3241,0.946,-0.0033,0,0.9404,-0.3225,-0.1079,0,-0.1032,0.0318,-0.9942,0,1.6005,31.6813,70.3718,1]},
{"frame":43,"values":[0.3241,0.946,-0.0033,0,0.9404,-0.3225,-0.1079,0,-0.1032,0.0318,-0.9942,0,1.7364,32.0781,70.3718,1]},
{"frame":44,"values":[0.3241,0.946,-0.0033,0,0.9404,-0.3225,-0.1079,0,-0.1032,0.0318,-0.9942,0,1.8427,32.3882,70.3718,1]},
{"frame":45,"values":[0.3241,0.946,-0.0033,0,0.9404,-0.3225,-0.1079,0,-0.1032,0.0318,-0.9942,0,1.9138,32.5958,70.3718,1]},
{"frame":46,"values":[0.3241,0.946,-0.0033,0,0.9404,-0.3225,-0.1079,0,-0.1032,0.0318,-0.9942,0,1.9444,32.6852,70.3718,1]},
{"frame":47,"values":[0.3241,0.946,-0.0033,0,0.9404,-0.3225,-0.1079,0,-0.1032,0.0318,-0.9942,0,1.9138,32.5958,70.3718,1]},
{"frame":48,"values":[0.3241,0.946,-0.0033,0,0.9404,-0.3225,-0.1079,0,-0.1032,0.0318,-0.9942,0,1.8427,32.3882,70.3718,1]},
{"frame":49,"values":[0.3241,0.946,-0.0033,0,0.9404,-0.3225,-0.1079,0,-0.1032,0.0318,-0.9942,0,1.7364,32.0781,70.3718,1]},
{"frame":50,"values":[0.3241,0.946,-0.0033,0,0.9404,-0.3225,-0.1079,0,-0.1032,0.0318,-0.9942,0,1.6005,31.6813,70.3718,1]},
{"frame":51,"values":[0.3241,0.946,-0.0033,0,0.9404,-0.3225,-0.1079,0,-0.1032,0.0318,-0.9942,0,1.4403,31.2136,70.3718,1]},
{"frame":52,"values":[0.3241,0.946,-0.0033,0,0.9404,-0.3225,-0.1079,0,-0.1032,0.0318,-0.9942,0,1.2584,30.6827,70.3718,1]},
{"frame":53,"values":[0.3241,0.946,-0.0033,0,0.9404,-0.3225,-0.1079,0,-0.1032,0.0318,-0.9942,0,1.0685,30.1283,70.3718,1]},
{"frame":54,"values":[0.3241,0.946,-0.0033,0,0.9404,-0.3225,-0.1079,0,-0.1032,0.0318,-0.9942,0,0.8759,29.5659,70.3718,1]},
{"frame":55,"values":[0.3241,0.946,-0.0033,0,0.9404,-0.3225,-0.1079,0,-0.1032,0.0318,-0.9942,0,0.6859,29.0114,70.3718,1]},
{"frame":56,"values":[0.3241,0.946,-0.0033,0,0.9404,-0.3225,-0.1079,0,-0.1032,0.0318,-0.9942,0,0.5041,28.4806,70.3718,1]},
{"frame":57,"values":[0.3241,0.946,-0.0033,0,0.9404,-0.3225,-0.1079,0,-0.1032,0.0318,-0.9942,0,0.3439,28.0128,70.3718,1]},
{"frame":58,"values":[0.3241,0.946,-0.0033,0,0.9404,-0.3225,-0.1079,0,-0.1032,0.0318,-0.9942,0,0.2079,27.616,70.3718,1]},
{"frame":59,"values":[0.3241,0.946,-0.0033,0,0.9404,-0.3225,-0.1079,0,-0.1032,0.0318,-0.9942,0,0.1017,27.3059,70.3718,1]},
{"frame":60,"values":[0.3241,0.946,-0.0033,0,0.9404,-0.3225,-0.1079,0,-0.1032,0.0318,-0.9942,0,0.0306,27.0983,70.3718,1]},
{"frame":61,"values":[0.3241,0.946,-0.0033,0,0.9404,-0.3225,-0.1079,0,-0.1032,0.0318,-0.9942,0,0,27.009,70.3718,1]}],"loopBehavior":1,"name":"anim","property":"_matrix"}},
{"name":"xuong:xuong:EBbn_eyebrow01_l","index":8,"matrix":[-0.3241,-0.946,-0.0033,0,0.9404,-0.3225,0.1079,0,-0.1032,0.0318,0.9942,0,0.6859,29.0114,-70.3718,1],"rest":[-0.3241,-0.946,-0.0033,0,0.9404,-0.3225,0.1079,0,-0.1032,0.0318,0.9942,0,0,27.009,-70.3718,1],"parentBoneIndex":6,"length":26.2711
,"animation":{"dataType":3,"framePerSecond":30,"keys":[
{"frame":1,"values":[-0.3241,-0.946,-0.0033,0,0.9404,-0.3225,0.1079,0,-0.1032,0.0318,0.9942,0,0,27.009,-70.3718,1]},
{"frame":2,"values":[-0.3241,-0.946,-0.0033,0,0.9404,-0.3225,0.1079,0,-0.1032,0.0318,0.9942,0,0.0306,27.0983,-70.3718,1]},
{"frame":3,"values":[-0.3241,-0.946,-0.0033,0,0.9404,-0.3225,0.1079,0,-0.1032,0.0318,0.9942,0,0.1017,27.3059,-70.3718,1]},
{"frame":4,"values":[-0.3241,-0.946,-0.0033,0,0.9404,-0.3225,0.1079,0,-0.1032,0.0318,0.9942,0,0.2079,27.616,-70.3718,1]},
{"frame":5,"values":[-0.3241,-0.946,-0.0033,0,0.9404,-0.3225,0.1079,0,-0.1032,0.0318,0.9942,0,0.3439,28.0128,-70.3718,1]},
{"frame":6,"values":[-0.3241,-0.946,-0.0033,0,0.9404,-0.3225,0.1079,0,-0.1032,0.0318,0.9942,0,0.5041,28.4806,-70.3718,1]},
{"frame":7,"values":[-0.3241,-0.946,-0.0033,0,0.9404,-0.3225,0.1079,0,-0.1032,0.0318,0.9942,0,0.686,29.0114,-70.3718,1]},
{"frame":8,"values":[-0.3241,-0.946,-0.0033,0,0.9404,-0.3225,0.1079,0,-0.1032,0.0318,0.9942,0,0.8759,29.5659,-70.3718,1]},
{"frame":9,"values":[-0.3241,-0.946,-0.0033,0,0.9404,-0.3225,0.1079,0,-0.1032,0.0318,0.9942,0,1.0685,30.1282,-70.3718,1]},
{"frame":10,"values":[-0.3241,-0.946,-0.0033,0,0.9404,-0.3225,0.1079,0,-0.1032,0.0318,0.9942,0,1.2584,30.6827,-70.3718,1]},
{"frame":11,"values":[-0.3241,-0.946,-0.0033,0,0.9404,-0.3225,0.1079,0,-0.1032,0.0318,0.9942,0,1.4403,31.2136,-70.3718,1]},
